0 1 2665 0 0.2521017 -0.6694824 0.4922878 0.4958737 0.371647 -0.676569 0.562296 200.0 100.0
0 1 2002 116 -0.358117 -0.6378238 -0.5511458 0.4014615 -0.335497 1.07314 0.175053 200.0 100.0
0 1 2003 117 0.0069235 0.6900468 -0.7071436 0.1540628 0.468492 0.131653 0.800844 200.0 100.0
0 1 2004 118 -0.4112352 0.4348239 0.7532787 0.2727363 -0.595763 -0.228036 0.937483 200.0 100.0
0 1 2005 119 -0.2626695 -0.4727123 0.5880763 0.6014267 -0.54839 -0.63777 0.568597 200.0 100.0
0 1 2006 120 -0.7762936 0.0129955 -0.470319 0.4195228 0.468502 0.973472 -0.063142 200.0 100.0
0 1 2007 121 -0.2244203 -0.2713877 0.7405695 0.572312 -0.625232 0.70419 0.210251 200.0 100.0
0 1 2008 122 -0.6504819 -0.3609424 0.2532529 0.618431 -0.428515 0.943651 0.337116 200.0 100.0
0 1 2009 123 -0.311761 0.0051322 0.8370394 0.4496041 0.673984 0.72337 0.429097 200.0 100.0
0 1 2010 124 0.840164 -0.0784868 -0.2601304 0.4693574 -0.478963 -0.686092 0.348785 200.0 100.0
0 1 2011 125 0.5874416 0.7289762 0.3159328 0.1539237 0.877994 -0.187544 0.424536 200.0 100.0
0 1 2012 126 0.283294 -0.2130348 -0.8212834 0.4470506 -0.145698 -0.128716 0.751928 200.0 100.0
0 1 2013 127 -0.5179365 -0.5287409 0.2121319 0.6381026 0.049575 0.166808 0.943476 200.0 100.0
0 1 2014 128 0.4746663 0.0632695 -0.8778221 0.0108246 -0.632771 -0.230441 0.700482 200.0 100.0
0 1 2015 129 -0.1490544 -0.5435277 -0.6483552 0.5118554 -0.701529 -0.534082 0.365178 200.0 100.0
0 1 2016 130 -0.4095086 -0.230471 -0.2883466 0.8342914 0.50258 0.491065 0.751298 200.0 100.0
0 1 2017 131 -0.748707 0.613422 0.0396638 0.2481494 0.816494 0.517887 0.272309 200.0 100.0
0 1 2018 132 -0.168244 -0.3738119 -0.100233 0.9065936 -0.083701 0.686247 0.821419 200.0 100.0
0 1 2019 133 -0.2955859 0.6301432 0.2317473 0.6795893 0.794851 -0.650133 0.236035 200.0 100.0
0 1 2020 94 -0.2872355 -0.4941463 0.4147116 0.7080463 -0.51381 -0.410193 0.723383 200.0 100.0
0 1 2021 95 -0.229834 0.1629907 0.1382674 0.9494696 0.317573 -0.61812 0.667038 200.0 100.0
0 1 2022 96 -0.2144114 -0.0438033 0.5560424 0.8018266 -0.209315 0.376738 0.744406 200.0 100.0
0 1 2023 97 0.2990807 -0.2274024 0.9143708 0.1508806 0.745108 0.055978 0.527692 200.0 100.0
0 1 2024 98 -0.723987 0.0412474 -0.4970366 0.476546 0.889934 -0.129715 0.47715 200.0 100.0
0 1 2025 99 0.4528308 0.3432837 -0.7854582 0.245267 -0.117927 -0.914437 0.078288 200.0 100.0
0 1 2026 100 0.0179245 -0.2852195 -0.9206504 0.2659536 -0.097641 0.269362 0.762485 200.0 100.0
0 1 2027 101 -0.3773088 -0.5208529 -0.7459742 0.1728376 0.138216 0.781654 0.498609 200.0 100.0
0 1 2028 102 0.0741496 0.8689159 0.4000902 0.2818063 0.309344 0.649019 0.832533 200.0 100.0
0 1 2029 103 -0.4296326 -0.1955598 -0.8815733 0.0008561 0.443194 0.084827 0.972137 200.0 100.0
0 1 2030 104 -0.2932877 -0.4174367 -0.0460473 0.8588414 -0.066446 0.745242 0.51814 200.0 100.0
0 1 2031 105 0.7541196 0.0387156 0.2434294 0.6087256 0.58064 -0.945073 0.261212 200.0 100.0
0 1 2033 107 0.2434222 -0.9273877 -0.2731002 0.078192 -0.09579 1.053699 0.47272 200.0 100.0
0 1 2035 109 -0.1460044 0.7812073 0.5763287 0.1903762 0.595961 0.797713 0.469734 200.0 100.0
0 1 2036 110 0.8217141 -0.2221819 -0.4805133 0.2110169 -0.443565 -0.038135 0.923805 200.0 100.0
0 1 2037 111 -0.4008589 -0.2634424 0.8188276 0.3153279 -0.87815 0.531876 0.230065 200.0 100.0
0 1 2038 112 0.7005833 0.0467581 -0.2815659 0.6540011 -0.13514 -1.099088 0.083276 200.0 100.0
0 1 2039 113 0.3615265 0.1818922 -0.0830777 0.9106656 0.373731 0.339811 0.636152 200.0 100.0
0 1 2040 74 0.1575541 0.6913755 -0.7031077 0.0530674 -0.305862 -0.738712 0.548266 200.0 100.0
0 1 2041 75 0.0140029 -0.2563378 -0.5470635 0.7967537 -0.260959 -0.184238 1.114212 200.0 100.0
0 1 2042 76 0.8183904 0.3756617 -0.3957381 0.1802964 -0.569312 -1.109691 -0.022485 200.0 100.0
0 1 2043 77 0.8725238 -0.2867859 0.3201195 0.2323349 0.673764 -0.643345 0.283033 200.0 100.0
0 1 2044 78 -0.435365 0.7249183 -0.3224419 0.4254198 0.71481 0.555316 0.314307 200.0 100.0
0 1 2045 79 -0.2331322 0.3616397 0.8924926 0.1353625 0.19471 0.549167 0.964451 200.0 100.0
0 1 2047 81 0.1078477 -0.7596939 -0.637984 0.064888 0.510305 0.330667 0.731744 200.0 100.0
0 1 2048 82 -0.5266371 -0.173377 0.5506274 0.6240218 -0.581847 0.256018 0.918862 200.0 100.0
0 1 2049 83 -0.5037467 0.1195692 0.8496812 0.0999214 -0.350199 -0.154303 0.855369 200.0 100.0
0 1 2052 86 0.298492 -0.0016236 0.8826622 0.3630528 0.855492 -0.399666 0.461339 200.0 100.0
0 1 2053 87 -0.4430167 0.3678741 -0.7727495 0.2669513 -0.191301 -0.968509 0.128848 200.0 100.0
0 1 2054 88 0.4669637 0.4396682 -0.7160194 0.2755955 -0.093892 -0.883786 0.499237 200.0 100.0
0 1 2055 89 -0.650918 -0.3051823 0.1850368 0.670023 0.064547 0.631905 0.372149 200.0 100.0
0 1 2057 91 -0.3539983 -0.6967602 -0.4204729 0.4608828 -0.961111 0.240271 0.501034 200.0 100.0
0 1 2063 57 -0.6639825 -0.6651028 -0.0635759 0.3357433 -0.76246 0.241109 0.460077 200.0 100.0
0 1 2066 60 -0.2444059 0.0381154 0.7432237 0.6216361 0.681697 0.107399 0.651551 200.0 100.0
0 1 2067 61 -0.1842539 -0.5806202 0.2424092 0.755095 -0.55659 0.757804 0.321007 200.0 100.0
0 1 2068 62 0.2698639 0.2285355 -0.9269696 0.1251895 0.754001 -0.406735 0.507364 200.0 100.0
0 1 2069 63 0.7132417 0.1017675 0.0091926 0.6934299 0.289572 -0.675341 0.834252 200.0 100.0
0 1 2070 64 0.5203033 -0.1600538 0.068694 0.8360313 -0.301426 -0.056612 0.915965 200.0 100.0
0 1 2071 65 -0.0314872 0.6417994 -0.7159862 0.2728844 0.317738 -0.56447 0.755195 200.0 100.0
0 1 2072 66 -0.1705076 0.3337134 0.3201981 0.870078 0.888797 -0.587561 0.232281 200.0 100.0
0 1 2073 67 0.082181 0.3531006 -0.4073246 0.8382439 0.772868 -0.360523 0.465827 200.0 100.0
0 1 2075 69 0.3859081 -0.1914874 0.1078186 0.8959814 0.697142 -0.97043 0.070618 200.0 100.0
0 1 2076 70 0.1365144 0.0438531 -0.5784524 0.8030153 0.512186 -1.115339 0.3909 200.0 100.0
0 1 2077 71 -0.0464105 0.1779684 -0.742815 0.6437384 0.280425 0.699128 0.790395 200.0 100.0
0 1 2078 72 -0.5707766 -0.6518182 -0.2387132 0.4385922 -0.818213 0.206456 0.426176 200.0 100.0
0 1 2080 34 0.1306752 0.3104431 -0.211645 0.9174723 -0.165884 0.453644 0.92783 200.0 100.0
0 1 2081 35 -0.3530962 0.5652017 0.7104004 0.2262774 -0.338559 0.604051 0.377808 200.0 100.0
0 1 2082 36 -0.3765579 -0.5363382 0.7156131 0.2417507 -0.845175 0.011456 0.924125 200.0 100.0
0 1 2083 37 -0.4427406 0.182852 -0.8625237 0.1630911 0.802241 0.13977 0.379218 200.0 100.0
0 1 2084 38 -0.7408125 -0.0813305 0.2348002 0.6240602 0.080505 1.032712 0.347168 200.0 100.0
0 1 2085 39 0.2493819 0.179901 0.6052656 0.7342328 0.104713 0.854175 0.61076 200.0 100.0
0 1 2088 42 -0.0728059 -0.1793123 -0.8527061 0.4852203 0.059003 -0.730408 0.893733 200.0 100.0
0 1 2089 43 -0.6105946 0.7067723 0.2739585 0.2293337 -0.650537 0.871226 0.172973 200.0 100.0
0 1 2091 45 -0.4312518 0.4610594 0.5643483 0.5319371 0.377751 0.372139 0.832105 200.0 100.0
0 1 2092 46 -0.0481698 -0.7221984 0.6896392 0.0225146 -0.84557 0.117952 0.634291 200.0 100.0
0 1 2093 47 -0.1901432 -0.3951893 0.5625736 0.7008437 -0.457545 -0.740544 0.494283 200.0 100.0
0 1 2094 48 0.3731093 -0.642647 -0.6475744 0.1686466 -0.457909 0.479909 0.669309 200.0 100.0
0 1 2095 49 0.8631968 0.2459277 0.3488389 0.2696708 0.520961 -0.05902 0.591221 200.0 100.0
0 1 2096 50 -0.1187011 0.4487827 -0.352879 0.8123919 0.926066 0.492115 0.330444 200.0 100.0
0 1 2097 51 -0.6060921 -0.2458329 0.1083034 0.7486581 0.472026 0.790334 0.564758 200.0 100.0
0 1 2098 52 -0.2728828 -0.5871951 0.2993522 0.7008032 -0.335351 0.497368 0.843109 200.0 100.0
0 1 2099 53 0.3671665 -0.2502707 0.6281803 0.638704 -0.246996 -0.384593 0.863566 200.0 100.0
0 1 2101 15 -0.0715713 -0.7181608 -0.3842813 0.5757174 -0.294271 0.548598 0.80032 200.0 100.0
0 1 2102 16 0.5406498 -0.3517136 0.3173711 0.6951769 -0.172657 0.160733 0.938665 200.0 100.0
0 1 2103 17 -0.2661326 0.1737211 0.9358251 0.1524 -0.176061 0.614448 0.471315 200.0 100.0
0 1 2104 18 0.6462072 -0.5312309 0.4113954 0.3618891 -0.196437 -0.926679 0.652711 200.0 100.0
0 1 2105 19 -0.92234 0.0226485 0.2688465 0.276582 -0.728525 0.631391 0.274594 200.0 100.0
0 1 2107 21 0.9305656 0.1245105 0.0241035 0.3434586 0.382412 -0.649856 0.256436 200.0 100.0
0 1 2108 22 -0.2143852 -0.0138912 -0.9764357 0.0204798 0.5607 0.871811 -0.107467 200.0 100.0
0 1 2109 23 -0.6152383 0.4067958 -0.2733609 0.6174729 0.662063 -0.418054 0.571947 200.0 100.0
0 1 2110 24 0.1777949 0.8389147 0.5031056 0.1072187 -0.499271 0.924181 0.127439 200.0 100.0
0 1 2111 25 0.0223569 0.7168429 -0.649257 0.2531835 -0.561186 -0.782137 0.129179 200.0 100.0
0 1 2112 26 -0.3285368 -0.1600768 -0.9076539 0.2064059 -0.782871 0.493536 0.406972 200.0 100.0
0 1 2113 27 -0.0536412 -0.5490069 0.7216785 0.4182036 -0.125269 -0.345898 0.965621 200.0 100.0
0 1 2114 28 0.2517424 -0.1800216 -0.6814533 0.6632039 0.598478 0.513648 0.720878 200.0 100.0
0 1 2115 29 -0.2761159 0.0181298 0.6855881 0.67335 0.729737 0.241701 0.570382 200.0 100.0
0 1 2116 30 0.2742657 -0.5214168 -0.0536339 0.8062421 -0.571658 -0.666694 0.490781 200.0 100.0
0 1 2117 31 -0.3492823 0.256938 0.8997019 0.0502126 0.630463 0.727225 0.523354 200.0 100.0
0 1 2119 33 -0.4013175 0.5589043 -0.3941736 0.6092597 0.678566 -0.696398 -0.010126 200.0 100.0
0 1 2126 0 -0.157814 -0.2354932 -0.8992344 0.3331895 -0.134457 -0.788798 0.710868 200.0 100.0
0 1 2129 3 -0.5450041 -0.0482827 0.7696901 0.3289628 -0.173591 0.952347 0.055791 200.0 100.0
0 1 2130 4 0.0103341 -0.7498259 -0.4345949 0.4987801 -0.694879 0.180342 0.740474 200.0 100.0
0 1 2131 5 0.0426144 -0.2500844 0.8372304 0.4844451 0.809428 -0.320679 0.590553 200.0 100.0
0 1 2132 6 -0.4266637 -0.5994108 0.5509895 0.3937961 -0.509776 -0.589971 0.710363 200.0 100.0
0 1 2134 8 0.3678738 0.6221509 0.1390364 0.6769535 0.026954 -0.079059 1.034196 200.0 100.0
0 1 2135 9 0.1833938 0.6693666 -0.6843068 0.2236943 0.233813 -0.468477 0.718347 200.0 100.0
0 1 2136 10 0.2781994 -0.4078366 -0.2960925 0.8176819 -0.775439 -0.337508 0.379049 200.0 100.0
0 1 2138 12 -0.7716886 0.0177105 0.6168041 0.1540641 -0.39473 -0.846714 0.294794 200.0 100.0
0 1 2139 13 -0.3329781 -0.1041893 0.2077121 0.9138522 -0.656244 -0.460163 0.481441 200.0 100.0
0 1 2400 514 -0.4513141 0.5503808 -0.6128116 0.3433052 0.214272 -0.094284 0.812972 200.0 100.0
0 1 2401 515 -0.1321948 0.4904924 -0.60673 0.6114086 0.550727 0.287768 0.790209 200.0 100.0
0 1 2403 517 0.4359603 -0.5194072 -0.4394249 0.5891184 -0.255111 0.553469 0.804553 200.0 100.0
0 1 2404 518 0.5137546 -0.6232622 -0.0428043 0.5880206 -0.648387 -0.578516 0.489394 200.0 100.0
0 1 2405 519 -0.4522048 -0.2925937 0.7640573 0.3551284 -0.612162 0.716728 0.388803 200.0 100.0
0 1 2406 520 -0.2200561 -0.6640239 -0.7053334 0.1146841 0.824687 0.585508 0.842922 200.0 100.0
0 1 2407 521 -0.0165712 0.5569618 -0.0316664 0.8297687 0.860451 -0.475111 0.351502 200.0 100.0
0 1 2408 522 -0.5085292 -0.0341884 -0.8497975 0.1344372 0.380415 0.100733 0.852617 200.0 100.0
0 1 2409 523 0.4188734 0.1103456 -0.8943794 0.111599 -0.084878 0.391032 0.935454 200.0 100.0
0 1 2413 527 -0.0844504 0.2082107 -0.9740657 0.0266927 -0.621456 0.376778 0.863815 200.0 100.0
0 1 2414 528 0.4358169 -0.3759803 -0.6282524 0.5234514 -0.848893 -0.109922 0.385395 200.0 100.0
0 1 2415 529 -0.1279912 0.807679 0.0846333 0.5693066 0.475255 0.783664 0.338008 200.0 100.0
0 1 2416 530 -0.6098747 0.3367383 0.2803705 0.6603427 -0.056602 1.067574 0.215435 200.0 100.0
0 1 2417 531 -0.2195966 0.331798 -0.9091391 0.1230999 0.824514 -0.59129 0.498439 200.0 100.0
0 1 2419 533 0.0033802 -0.0988956 0.1847141 0.977798 -0.188545 -0.227075 1.014582 200.0 100.0
0 1 2420 494 0.4528279 0.5385219 -0.1069938 0.7024908 -0.576084 -0.728481 0.383927 200.0 100.0
0 1 2421 495 -0.6156701 -0.4410211 -0.5925054 0.2745688 -0.431395 0.886022 0.37548 200.0 100.0
0 1 2422 496 -0.3344207 -0.5817779 0.4117729 0.6165552 -0.661425 -0.101628 0.87598 200.0 100.0
0 1 2423 497 -0.3126435 0.5148877 0.6013448 0.5249086 -0.696358 0.252429 0.701337 200.0 100.0
0 1 2424 498 0.4883625 -0.0687327 0.1860271 0.8498069 -0.761108 0.168662 0.683615 200.0 100.0
0 1 2426 500 0.0320081 -0.1615069 0.9828453 0.0831033 0.528005 -0.208843 0.76704 200.0 100.0
0 1 2428 502 -0.4653528 0.3771683 0.3356842 0.7269848 0.361717 0.139194 0.921716 200.0 100.0
0 1 2429 503 0.1418425 -0.5178714 -0.8418113 0.0551691 -0.071317 0.03837 1.164197 200.0 100.0
0 1 2431 505 -0.4569583 -0.1168585 0.6009189 0.6453136 0.531163 0.388798 0.629241 200.0 100.0
0 1 2432 506 -0.5805825 0.3953446 -0.2363104 0.6714045 0.396517 0.714295 0.894723 200.0 100.0
0 1 2433 507 -0.573324 0.4840717 -0.6601043 0.0351645 0.535061 -0.448624 0.546357 200.0 100.0
0 1 2435 509 -0.322931 0.6093255 -0.0899575 0.718572 0.121703 0.273098 0.921246 200.0 100.0
0 1 2436 510 0.0031803 -0.0915491 0.1262595 0.9877587 -0.752869 0.507195 0.562465 200.0 100.0
0 1 2437 511 0.4248176 0.4664586 0.7351715 0.2479298 0.671053 0.020632 0.73439 200.0 100.0
0 1 2438 512 0.3853931 0.5632396 0.3559496 0.6383832 0.765244 -0.518149 0.744502 200.0 100.0
0 1 2440 474 0.8291462 0.2114642 -0.5174035 0.009653 -0.245936 -1.12403 0.265702 200.0 100.0
0 1 2441 475 0.5270929 0.7258702 -0.0058352 0.4418727 0.602285 -0.222779 0.75222 200.0 100.0
0 1 2442 476 -0.8988468 -0.1188311 0.198378 0.3722898 0.308039 0.945561 0.390191 200.0 100.0
0 1 2443 477 -0.2502066 -0.8132624 0.2783234 0.4455749 -0.795119 -0.029624 0.834017 200.0 100.0
0 1 2444 478 0.3128759 -0.582843 -0.7092331 0.2437028 -0.59513 -0.707275 0.424352 200.0 100.0
0 1 2445 479 -0.231556 0.6858205 -0.0557064 0.6876982 0.215974 1.101527 0.270657 200.0 100.0
0 1 2446 480 0.4578208 0.5848203 0.1611819 0.6499275 0.118172 -0.827371 0.182536 200.0 100.0
0 1 2448 482 0.7428308 -0.2914755 0.0016697 0.6026953 0.166005 -0.685802 0.522702 200.0 100.0
0 1 2450 484 0.3078479 -0.3867196 0.8390048 0.2274832 0.264407 -0.517557 0.913921 200.0 100.0
0 1 2451 485 0.2221908 0.5787317 -0.3533351 0.7006105 0.850412 0.208226 0.536754 200.0 100.0
0 1 2452 486 -0.4902904 0.8550767 0.1431567 0.0892492 -0.861581 0.649349 0.138818 200.0 100.0
0 1 2453 487 -0.2368848 -0.5405549 -0.0525242 0.8055602 -0.701031 0.849731 0.301919 200.0 100.0
0 1 2455 489 -0.2830587 -0.7543124 0.50272 0.3133099 -0.784303 -0.280976 0.466499 200.0 100.0
0 1 2456 490 0.02263 -0.0327429 -0.98593 0.1623508 0.651953 -0.458996 0.208338 200.0 100.0
0 1 2457 491 0.3357917 -0.3100025 0.8029086 0.3827273 0.597027 -0.650614 0.106606 200.0 100.0
0 1 2458 492 -0.3327575 -0.3234208 -0.85665 0.225438 0.180328 0.883706 0.184669 200.0 100.0
0 1 2459 493 -0.548499 -0.5622948 -0.0591726 0.6160131 -0.647946 0.577945 0.291155 200.0 100.0
0 1 2460 454 -0.556891 -0.3901873 0.1401854 0.7197044 -0.535515 0.491492 0.554474 200.0 100.0
0 1 2461 455 -0.4025465 0.3531338 0.8058703 0.252638 -0.150513 -0.019915 1.081633 200.0 100.0
0 1 2462 456 -0.0429679 0.2072685 0.4117099 0.8863907 0.096795 -0.650399 0.613555 200.0 100.0
0 1 2463 457 -0.509512 -0.6804347 0.341425 0.4010425 -0.529772 -0.918942 0.238195 200.0 100.0
0 1 2464 458 0.3941292 -0.5717292 0.7101933 0.1158163 0.214701 0.018001 0.970902 200.0 100.0
0 1 2465 459 -0.6111075 -0.0204354 -0.478504 0.6302094 0.533207 0.279485 0.863994 200.0 100.0
0 1 2466 460 -0.3071145 -0.3370509 0.7148096 0.5302118 0.460354 0.155969 0.925043 200.0 100.0
0 1 2467 461 -0.2638359 -0.1001736 -0.3269148 0.9019327 0.740085 0.098743 0.568294 200.0 100.0
0 1 2468 462 -0.4839311 0.030663 0.7452749 0.4576415 -0.635202 -0.245756 0.665594 200.0 100.0
0 1 2469 463 -0.1838173 -0.3674499 -0.0809847 0.9080932 0.193047 0.222667 0.981016 200.0 100.0
0 1 2472 466 -0.4503696 -0.0373061 0.6448606 0.6163849 0.678757 0.261237 0.627946 200.0 100.0
0 1 2473 467 -0.0624069 -0.5190375 0.8043822 0.2822672 0.141859 -0.978656 0.386149 200.0 100.0
0 1 2474 468 0.4039647 -0.3036106 0.6937488 0.5131721 0.076595 -0.455257 0.840825 200.0 100.0
0 1 2476 470 0.3284442 -0.2961287 -0.5426188 0.7141408 -0.511393 -0.946535 -0.014936 200.0 100.0
0 1 2477 471 -0.1739958 -0.5604826 -0.3560924 0.7271746 -0.511137 0.75908 0.179903 200.0 100.0
0 1 2478 472 0.1397416 -0.813634 0.1032141 0.5548142 -0.756377 0.035384 0.687043 200.0 100.0
0 1 2479 473 -0.5711853 -0.0702935 0.5721805 0.5843078 -0.341852 0.201586 0.901611 200.0 100.0
0 1 2481 435 -0.1914851 -0.8924866 0.3917237 0.115558 0.34932 -0.981776 0.186628 200.0 100.0
0 1 2482 436 0.5633772 0.1494954 -0.7444635 0.3256246 -0.645834 -0.589767 0.140134 200.0 100.0
0 1 2483 437 -0.271891 0.2210159 -0.7025464 0.6193995 0.131274 0.727203 0.775209 200.0 100.0
0 1 2484 438 0.1228023 0.3253835 -0.9004624 0.2611754 -0.345757 0.491911 0.917536 200.0 100.0
0 1 2485 439 -0.3374775 0.6781107 0.3839805 0.5280472 0.196771 0.636043 0.684694 200.0 100.0
0 1 2486 440 -0.1949907 -0.9012803 -0.2191548 0.318816 -0.755306 0.589584 0.180952 200.0 100.0
0 1 2487 441 0.1152536 -0.7523742 -0.1392999 0.6334392 -0.76306 -0.612972 0.075875 200.0 100.0
0 1 2488 442 -0.4389961 -0.7671824 -0.4660906 0.03838 0.935418 0.4325 0.28123 200.0 100.0
0 1 2489 443 -0.2075038 0.4828036 -0.7887745 0.3188692 -0.0529 -0.908497 0.589566 200.0 100.0
0 1 2491 445 -0.1153757 0.208784 -0.9011153 0.3620621 0.646601 -0.396023 0.887819 200.0 100.0
0 1 2492 446 -0.4275202 -0.3291047 0.8321092 0.1284946 -0.573538 0.180828 0.612643 200.0 100.0
0 1 2494 448 0.0734179 -0.2494454 -0.824406 0.5027341 -0.871838 0.306967 0.599003 200.0 100.0
0 1 2495 449 -0.0270259 0.55835 -0.7880414 0.2578868 0.838365 -0.100785 0.64092 200.0 100.0
0 1 2496 450 0.7672744 0.0354807 -0.6402957 0.0072495 -0.773087 -0.285383 0.626412 200.0 100.0
0 1 2497 451 0.3304119 -0.5808267 0.7399047 0.0775197 0.135369 0.010217 1.053281 200.0 100.0
0 1 2498 452 0.503753 0.1985231 -0.8403427 0.0254113 -0.855338 0.208551 0.593805 200.0 100.0
0 1 2499 453 0.4058472 0.3197628 -0.5916729 0.61884 -0.640799 0.154858 0.585905 200.0 100.0
0 1 2500 414 0.0949288 0.2125434 0.8190646 0.524354 -0.680246 0.652866 0.424232 200.0 100.0
0 1 2501 415 -0.7392658 0.1579191 0.0291377 0.6539868 0.342815 0.281895 0.923069 200.0 100.0
0 1 2502 416 -0.3952266 -0.6187898 0.6422523 0.2200162 0.152334 -0.520159 0.710158 200.0 100.0
0 1 2503 417 0.2290931 -0.006395 0.9600306 0.1606755 0.853351 0.491715 0.336538 200.0 100.0
0 1 2504 418 -0.2490401 -0.6330139 0.5531417 0.4809435 0.357918 -0.383825 0.747208 200.0 100.0
0 1 2505 419 -0.5806697 0.7372667 0.0246824 0.3444579 0.780226 0.501218 0.291626 200.0 100.0
0 1 2506 420 0.4609502 0.3436681 0.5684686 0.5884391 0.370221 0.589995 0.763444 200.0 100.0
0 1 2509 423 -0.1253322 -0.5461479 0.3793261 0.7362921 -0.796908 -0.563563 0.122064 200.0 100.0
0 1 2510 424 -0.055457 0.7459389 0.6215626 0.2327223 -0.423948 0.432341 0.663588 200.0 100.0
0 1 2511 425 0.2272213 -0.055272 0.7114858 0.6626487 0.025075 0.623062 0.942587 200.0 100.0
0 1 2512 426 0.4744418 -0.0184827 -0.5300191 0.7025974 0.316196 0.313583 0.856758 200.0 100.0
0 1 2513 427 0.2402046 -0.0991958 -0.7700185 0.5826949 -0.33211 0.564258 0.681504 200.0 100.0
0 1 2515 429 0.0663539 0.0587146 -0.9094449 0.4062754 -0.55802 0.759027 0.127745 200.0 100.0
0 1 2516 430 -0.4742164 -0.0308368 0.8360503 0.2742039 0.03786 0.446132 1.003737 200.0 100.0
0 1 2518 432 0.7896644 -0.3527688 0.1956316 0.4622906 -0.036003 -1.080664 0.100264 200.0 100.0
0 1 2519 433 0.1653446 0.1428867 0.8976999 0.3825956 -0.619077 0.078633 0.646523 200.0 100.0
0 1 2520 394 0.0420719 0.3035299 -0.0135557 0.9517961 0.198087 -0.62506 0.77406 200.0 100.0
0 1 2521 395 0.3183829 -0.2412454 -0.5364146 0.7434328 -0.964075 0.507958 0.441281 200.0 100.0
0 1 2522 396 -0.216249 0.1024196 0.9030938 0.3566064 0.234292 -0.037112 0.919062 200.0 100.0
0 1 2523 397 0.199004 0.1924933 0.9519311 0.1310377 0.916048 0.457949 0.44463 200.0 100.0
0 1 2524 398 -0.2683237 0.6461288 0.7003886 0.1413354 -0.397843 -0.074591 0.967896 200.0 100.0
0 1 2525 399 0.6999177 -0.0694461 0.1730933 0.6894427 -0.541402 -0.668206 0.505966 200.0 100.0
0 1 2526 400 -0.4921475 0.0738114 -0.8352246 0.2339713 0.093048 1.102755 0.183053 200.0 100.0
0 1 2527 401 0.2313796 -0.2889424 0.4614988 0.8062224 -0.337053 0.584498 0.798926 200.0 100.0
0 1 2528 402 0.698119 -0.1858244 -0.6499598 0.2359055 -0.189848 0.992025 0.451143 200.0 100.0
0 1 2529 403 0.5272627 0.7083413 0.322085 0.3413325 0.265768 0.844072 0.321593 200.0 100.0
0 1 2530 404 -0.3928903 0.5573429 -0.6185809 0.390338 0.855411 0.550535 0.173284 200.0 100.0
0 1 2532 406 -0.3458558 0.5908736 0.4775013 0.5506765 0.170481 0.549563 0.739795 200.0 100.0
0 1 2533 407 0.1186712 -0.9143368 -0.3862411 0.0268918 0.500345 0.654333 0.493861 200.0 100.0
0 1 2534 408 0.4950292 -0.2072711 0.0831848 0.8396815 -0.264867 0.167938 0.887436 200.0 100.0
0 1 2535 409 -0.2750156 0.3069093 -0.3039221 0.8589555 0.802613 0.721298 0.228901 200.0 100.0
0 1 2536 410 -0.2932223 0.2615026 0.7938129 0.4642177 -0.917763 -0.08397 0.733057 200.0 100.0
0 1 2538 412 -0.42161 0.4422187 0.2656083 0.7457478 0.362853 0.045492 0.794633 200.0 100.0
0 1 2539 413 0.2817423 0.4090049 0.4185925 0.7603398 0.313445 0.50562 0.788071 200.0 100.0
0 1 2540 374 -0.0627756 -0.466096 -0.8785845 0.0830838 0.599516 0.728679 0.142804 200.0 100.0
0 1 2541 375 0.2601922 -0.3386132 0.3210775 0.8453108 -0.052644 -0.911013 0.661227 200.0 100.0
0 1 2542 376 -0.379337 -0.1243957 -0.8791936 0.260092 0.139018 0.000809 1.117791 200.0 100.0
0 1 2543 377 0.5714508 0.7533672 0.1786358 0.2719763 0.844603 -0.576083 0.214957 200.0 100.0
0 1 2545 379 -0.5588307 -0.1433557 -0.7990855 0.1691736 0.292462 -0.295704 1.038481 200.0 100.0
0 1 2547 381 -0.2507359 0.2509235 -0.5022964 0.7885856 -0.524328 0.24166 0.740761 200.0 100.0
0 1 2548 382 0.330946 -0.5200884 0.4432901 0.6507509 0.580344 -0.539695 0.449139 200.0 100.0
0 1 2550 384 -0.1466848 -0.7976737 0.5207773 0.2664418 -0.75696 -0.27169 0.581108 200.0 100.0
0 1 2551 385 -0.0277724 0.6663052 -0.6689547 0.3282769 -0.328515 -0.427179 0.871894 200.0 100.0
0 1 2552 386 -0.647456 0.440239 -0.523007 0.3368294 0.44272 0.808561 0.276309 200.0 100.0
0 1 2553 387 -0.3717535 -0.3230739 -0.6167901 0.6139972 -0.587157 -0.066022 0.690336 200.0 100.0
0 1 2554 388 0.4649069 0.6479382 -0.2317212 0.5570843 0.641482 -0.271445 0.723492 200.0 100.0
0 1 2555 389 -0.8597575 0.2124366 -0.0691033 0.459252 -0.302727 0.902236 0.650982 200.0 100.0
0 1 2556 390 0.2229042 0.4351895 -0.1705635 0.8554717 0.234365 -0.802897 0.387779 200.0 100.0
0 1 2557 391 0.1186553 -0.441347 -0.8799547 0.1296671 -0.786918 -0.111766 0.600994 200.0 100.0
0 1 2558 392 0.3248683 0.734584 -0.1454642 0.5776566 0.852276 -0.178015 0.495573 200.0 100.0
0 1 2559 393 -0.0150277 -0.3065475 -0.9222705 0.2349892 -0.119279 0.111139 0.918218 200.0 100.0
0 1 2560 354 0.0568081 -0.0122084 -0.5592343 0.8269709 0.456786 -0.617953 0.491546 200.0 100.0
0 1 2562 356 -0.1318223 -0.3492378 0.2460012 0.894505 -0.766357 -0.497584 0.365112 200.0 100.0
0 1 2563 357 0.0081204 0.8258234 0.1120536 0.5526244 0.305679 0.958147 0.502248 200.0 100.0
0 1 2564 358 -0.5496603 -0.1589778 -0.7738515 0.2715757 0.313411 0.551326 0.843724 200.0 100.0
0 1 2565 359 0.4713712 0.2005247 0.4005098 0.7597308 0.098186 -1.040616 -0.02024 200.0 100.0
0 1 2566 360 0.0974699 -0.5187442 0.7780647 0.3406162 -0.761324 -0.716555 0.191572 200.0 100.0
0 1 2567 361 -0.5661306 0.643675 -0.1324681 0.4976252 0.239096 0.523092 0.538589 200.0 100.0
0 1 2568 362 0.3335046 0.1905437 -0.7315489 0.5632974 -0.386717 -0.338164 0.928795 200.0 100.0
0 1 2570 364 -0.1795188 -0.0660439 0.9410794 0.2788921 -0.808918 -0.108769 0.573533 200.0 100.0
0 1 2571 365 0.1492061 0.626447 0.3107321 0.6991046 0.719647 0.054754 0.753961 200.0 100.0
0 1 2572 366 -0.4479474 0.5480304 -0.3701726 0.6016461 0.480978 -0.440594 0.670086 200.0 100.0
0 1 2573 367 -0.3214836 0.4878798 -0.2387943 0.7756281 0.067634 -0.556286 0.705807 200.0 100.0
0 1 2574 368 0.6503968 0.4737818 0.4778588 0.3523717 0.302378 -0.929402 0.177105 200.0 100.0
0 1 2575 369 0.0361549 0.0270356 0.7059883 0.7067831 0.273653 -0.750191 0.589056 200.0 100.0
0 1 2576 370 -0.105753 0.4122907 0.8724439 0.2401549 0.206472 0.852562 0.394595 200.0 100.0
0 1 2577 371 -0.825457 -0.1782155 0.1461215 0.5152752 -0.756782 0.614136 0.350692 200.0 100.0
0 1 2578 372 0.1937361 0.0110648 -0.9785635 0.0689731 0.430782 0.424856 0.763443 200.0 100.0
0 1 2579 373 0.7892012 -0.412167 0.339032 0.3038702 0.2305 -0.983489 0.387206 200.0 100.0
0 1 2581 335 0.5531349 -0.0299587 0.7858524 0.2749185 -0.106912 -0.308609 0.808969 200.0 100.0
0 1 2582 336 0.2279709 0.3989494 0.7755667 0.4328567 0.859778 -0.408162 0.381371 200.0 100.0
0 1 2583 337 0.3964009 0.5409298 0.3783204 0.6380713 0.202439 -0.500348 1.124979 200.0 100.0
0 1 2584 338 -0.3014364 0.2217623 0.2281238 0.8988421 0.928291 -0.43604 0.274666 200.0 100.0
0 1 2585 339 0.8767835 -0.0523125 -0.3336403 0.3423423 -0.021207 -1.018323 0.401701 200.0 100.0
0 1 2586 340 -0.5275665 0.1994227 -0.3506272 0.7476395 0.806695 -0.230704 0.346665 200.0 100.0
0 1 2587 341 -0.4658807 0.5314229 0.6949329 0.1327144 -0.551151 0.515668 0.316208 200.0 100.0
0 1 2588 342 -0.1251953 0.7284637 -0.0925474 0.6671594 0.667998 -0.725579 0.466561 200.0 100.0
0 1 2591 345 0.7237778 0.1371844 0.3543868 0.5759654 0.735787 -0.56689 0.426198 200.0 100.0
0 1 2592 346 0.097777 -0.7473832 0.6108469 0.2423304 0.10276 -0.284862 0.936159 200.0 100.0
0 1 2593 347 0.0739132 -0.080678 0.2681522 0.9571428 0.124786 -0.35185 0.84614 200.0 100.0
0 1 2594 348 -0.3732451 -0.537449 0.2640702 0.7085927 -0.780461 -0.453541 0.117664 200.0 100.0
0 1 2595 349 0.1408962 0.1895705 -0.9059582 0.351356 -0.698933 0.733202 0.481913 200.0 100.0
0 1 2596 350 -0.389344 -0.130961 -0.2780986 0.8682866 -0.300746 0.935441 0.182717 200.0 100.0
0 1 2600 314 -0.1750899 0.2863184 -0.4030768 0.8514073 -0.023242 -0.608445 0.809834 200.0 100.0
0 1 2601 315 -0.6995468 -0.4202158 0.4306166 0.3855157 -0.545511 -0.45117 0.879442 200.0 100.0
0 1 2602 316 0.3712203 -0.3492297 -0.8522592 0.117849 -0.41446 -0.961304 0.245764 200.0 100.0
0 1 2603 317 -0.4894148 0.4576611 -0.4809398 0.5654348 0.661363 0.797016 0.522658 200.0 100.0
0 1 2604 318 0.015986 -0.1072257 -0.182256 0.9772563 -0.580406 0.578678 0.737183 200.0 100.0
0 1 2605 319 -0.070664 0.750065 0.6574571 0.0126223 0.720234 0.250572 0.636663 200.0 100.0
0 1 2606 320 0.259506 -0.8497279 0.4530766 0.0730794 0.506243 -0.9069 0.120431 200.0 100.0
0 1 2607 321 -0.7980936 0.3074987 0.5045137 0.11814 -0.688298 -0.872914 0.195072 200.0 100.0
0 1 2608 322 -0.5053979 0.0755466 -0.2004554 0.8358728 -0.656511 0.373041 0.456728 200.0 100.0
0 1 2609 323 -0.5960431 -0.1275676 0.4329761 0.6640714 -0.063555 0.412463 0.852328 200.0 100.0
0 1 2610 324 0.6183432 0.2783704 -0.684061 0.2687417 0.433595 -0.433679 0.871174 200.0 100.0
0 1 2611 325 -0.0911213 0.4578996 -0.8103625 0.3540304 0.480644 -0.537436 0.381428 200.0 100.0
0 1 2614 328 0.1632499 0.6712714 -0.7035806 0.1664886 0.241641 0.055605 0.989571 200.0 100.0
0 1 2615 329 0.2964372 -0.465107 0.6897032 0.4691587 0.484291 -0.416762 0.613333 200.0 100.0
0 1 2616 330 -0.1557005 -0.4817668 -0.070045 0.8595067 0.5125 0.78498 0.463172 200.0 100.0
0 1 2617 331 0.6677684 0.5205705 0.3756492 0.3768016 0.222395 -0.424966 0.831338 200.0 100.0
0 1 2618 332 0.325345 -0.2920529 -0.0981175 0.8939959 0.048475 -1.066407 0.082659 200.0 100.0
0 1 2619 333 0.2457861 0.3812806 0.6203564 0.639822 0.540824 0.716005 0.478843 200.0 100.0
0 1 2620 294 0.3653854 -0.5608874 -0.7411726 0.050616 0.092243 0.183238 1.080026 200.0 100.0
0 1 2621 295 -0.387097 -0.1909666 -0.7994635 0.4177868 -0.316627 0.843408 0.170703 200.0 100.0
0 1 2622 296 0.5337707 0.1061499 0.4463869 0.7103237 0.551631 -0.527613 0.577306 200.0 100.0
0 1 2623 297 -0.1434444 0.2999986 -0.4418613 0.8331765 -0.451105 -0.374036 0.75763 200.0 100.0
0 1 2624 298 0.3149675 0.0654699 -0.9449722 0.0594697 0.181739 -0.605135 0.427892 200.0 100.0
0 1 2625 299 -0.036172 -0.6322318 -0.092746 0.7683572 -0.734055 -0.314668 0.356263 200.0 100.0
0 1 2627 301 -0.9351564 -0.0360092 0.2216155 0.2739933 -0.822566 0.453145 0.4667 200.0 100.0
0 1 2628 302 -0.589239 -0.5314517 -0.4211289 0.4393256 0.643967 0.337952 0.669738 200.0 100.0
0 1 2629 303 0.1498329 0.4847306 -0.8195433 0.2663363 -0.252387 -0.801509 0.222521 200.0 100.0
0 1 2630 304 0.3478611 -0.3520914 -0.3084681 0.8123248 -0.79961 0.723813 0.014006 200.0 100.0
0 1 2631 305 0.042759 -0.55409 0.0010294 0.8313573 -0.462832 -0.332786 0.764975 200.0 100.0
0 1 2632 306 0.2217722 0.0585825 -0.9123917 0.3390083 0.81863 -0.034812 0.449982 200.0 100.0
0 1 2633 307 0.0463567 0.5182729 -0.4091055 0.7495845 -0.55602 -0.647224 0.17722 200.0 100.0
0 1 2636 310 0.1956666 0.1262346 -0.8005388 0.552193 0.612195 -0.671927 0.203105 200.0 100.0
0 1 2637 311 0.1233347 0.4196951 -0.3118347 0.8434475 -0.646342 0.036083 0.760256 200.0 100.0
0 1 2638 312 0.269388 0.0720714 0.0708078 0.9577171 0.389344 0.617105 0.554058 200.0 100.0
0 1 2640 13 0.1413747 0.2695541 -0.9510571 0.0533311 0.117858 1.021211 -0.418439 200.0 100.0
0 1 2641 12 0.772596 -0.2718299 -0.4774905 0.3181302 0.726322 -0.651088 -0.004826 200.0 100.0
0 1 2641 275 -0.0837392 0.112078 -0.8971493 0.4189862 -0.470603 -0.372552 0.825097 200.0 100.0
0 1 2642 11 -0.3390733 0.3496232 0.5780706 0.6546963 0.674069 -0.55803 0.117824 200.0 100.0
0 1 2643 10 -0.3717045 0.4228148 0.7553712 0.3353771 0.565189 -0.215244 0.602737 200.0 100.0
0 1 2643 277 -0.5373701 -0.1962834 0.8196808 0.0288008 -0.167611 0.822054 0.374596 200.0 100.0
0 1 2644 9 -0.3627868 -0.4413817 0.5661719 0.5941527 -0.508496 -0.318551 -0.570151 200.0 100.0
0 1 2644 278 -0.0778394 0.4506741 -0.4692278 0.7554199 -0.256305 -0.631024 0.441652 200.0 100.0
0 1 2645 8 0.1308513 0.3794989 0.7780214 0.4832611 0.724908 0.444087 0.542747 200.0 100.0
0 1 2645 279 0.1276249 -0.4914774 0.6173491 0.6008677 -0.034093 -0.409818 0.681465 200.0 100.0
0 1 2646 7 0.0181624 0.9233729 0.1529337 0.3516587 0.598372 0.774433 -0.22221 200.0 100.0
0 1 2646 280 0.121183 0.7197398 -0.3101834 0.6091597 0.855127 -0.779591 0.257375 200.0 100.0
0 1 2647 6 -0.1807281 0.438165 -0.4713178 0.7437797 -1.044471 -0.4699 -0.073703 200.0 100.0
0 1 2647 281 0.2267952 -0.5353658 0.8019363 0.1372793 0.027232 -0.030929 1.059956 200.0 100.0
0 1 2648 5 -0.1933682 0.203775 -0.6350781 0.7195556 0.736822 -0.396026 0.608915 200.0 100.0
0 1 2648 282 -0.1698643 0.6994707 0.4158252 0.5558563 -0.241031 0.267942 0.872239 200.0 100.0
0 1 2649 4 0.1439526 -0.6559831 0.4037042 0.6212784 -0.155765 0.927942 -0.27877 200.0 100.0
0 1 2649 283 0.5699751 -0.0463522 -0.0062562 0.8203296 -0.900951 0.152611 0.555311 200.0 100.0
0 1 2650 3 -0.0034441 -0.7539829 0.6568374 0.0079052 0.759202 -0.313577 0.513232 200.0 100.0
0 1 2650 284 0.3342544 -0.2017225 0.0831931 0.9168756 -0.551348 -0.402881 0.822866 200.0 100.0
0 1 2651 2 -0.5103442 0.3964443 0.5138503 0.564215 0.205352 -0.949432 0.000328 200.0 100.0
0 1 2651 285 0.6149075 -0.349254 0.7001591 0.0984255 0.530758 0.315847 0.865836 200.0 100.0
0 1 2652 1 -0.362073 -0.3531564 -0.5178307 0.689953 -0.445466 0.701013 -0.67737 200.0 100.0
0 1 2652 286 -0.0150771 0.0920382 -0.2866247 0.9534925 0.821849 0.73197 -0.081923 200.0 100.0
0 1 2653 0 0.6557545 0.260023 0.2861644 0.6484473 0.314462 -0.858919 0.181118 200.0 100.0
0 1 2653 287 -0.505712 -0.1602545 -0.2736833 0.8022913 0.749349 0.480911 0.511249 200.0 100.0
0 1 2654 288 -0.2765592 -0.5965916 0.0627459 0.7507705 -0.068326 -0.313804 1.039555 200.0 100.0
0 1 2655 289 0.3731723 0.5941132 0.2516512 0.666666 0.355328 0.352052 0.936671 200.0 100.0
0 1 2656 290 0.1259139 0.4592264 0.8577547 0.1936844 0.645452 0.020929 0.529549 200.0 100.0
0 1 2659 293 -0.2080114 0.0710947 0.8672889 0.4466393 0.170201 -0.794254 0.421876 200.0 100.0
0 1 2662 31 0.6272585 -0.0074663 -0.7115653 0.3164899 -0.651023 0.404633 -0.670531 200.0 100.0
0 1 2662 256 -0.3714199 0.3298086 0.1419387 0.8562283 -0.360843 0.539979 0.625833 200.0 100.0
0 1 2663 257 -0.2967004 0.6733004 -0.1646651 0.6569025 0.692277 0.010634 0.794997 200.0 100.0
0 1 2664 29 0.3017079 0.5082409 -0.5761636 0.5645343 -0.245633 0.701358 0.740428 200.0 100.0
0 1 2664 258 0.2884102 -0.1125734 0.311049 0.8985518 -0.859333 -0.658274 0.23333 200.0 100.0
0 1 2665 28 -0.4930787 0.5127705 0.4433545 0.5453225 -0.475674 -0.862985 -0.558804 200.0 100.0
0 1 2665 259 -0.4742613 -0.2441638 0.6573892 0.5322591 -1.007545 0.054875 0.648454 200.0 100.0
1 0 1 2127 0.1984846 -0.1573609 0.9369102 0.2409162 -0.037056 -1.007258 -0.500679 200.0 100.0
1 0 7 2133 0.0018431 -0.2145613 0.881236 0.4211687 0.787722 0.364711 -0.026221 200.0 100.0
1 0 11 2137 0.7391283 0.3812429 -0.314192 0.45785 -0.253514 0.54069 -0.903536 200.0 100.0
1 0 14 2100 0.39855 -0.5767155 -0.300286 0.6468273 0.732981 0.456525 -0.415486 200.0 100.0
1 0 20 2106 0.8454094 -0.0373639 0.1260965 0.5176742 0.356707 0.755499 -0.417925 200.0 100.0
1 0 30 2663 0.4235902 -0.1005406 0.8284732 0.3522714 0.823808 -0.636216 -0.050965 200.0 100.0
1 0 32 2118 0.0636261 0.2446603 -0.6765473 0.6916479 -0.069691 0.412705 -0.867959 200.0 100.0
1 0 32 2661 -0.2785256 -0.3405318 -0.8771816 0.1923902 -0.599608 0.706644 0.460426 200.0 100.0
1 0 33 2660 0.0528331 -0.0088187 -0.3002078 0.9523687 0.541281 -0.259971 -0.669841 200.0 100.0
1 0 41 2087 -0.4437513 0.8717341 -0.1089587 0.1768968 -0.864057 0.50082 -0.149755 200.0 100.0
1 0 55 2061 -0.1608401 0.3315638 0.3865643 0.8454371 0.114812 -0.249118 -1.035061 200.0 100.0
1 0 56 2062 0.4131911 -0.0146931 -0.5785519 0.7030896 0.736507 -0.731438 -0.278292 200.0 100.0
1 0 58 2064 -0.6521042 0.5490828 0.1407307 0.5034511 -0.795305 -0.423241 -0.564505 200.0 100.0
1 0 59 2065 -0.063647 0.4960803 -0.7530243 0.4275602 -0.550298 0.723873 -0.161208 200.0 100.0
1 0 68 2074 -0.0204495 0.2082529 0.3772633 0.9021557 0.646448 0.076891 -0.823076 200.0 100.0
1 0 73 2079 -0.0549523 -0.7118673 0.662589 0.2262765 0.607621 0.004302 -0.643283 200.0 100.0
1 0 80 2046 0.1975786 0.715216 -0.6031163 0.2927105 -0.213626 0.854225 -0.251492 200.0 100.0
1 0 85 2051 0.2644177 -0.3297963 -0.7692617 0.479118 0.083375 -0.848142 -0.59729 200.0 100.0
1 0 92 2058 -0.0335939 0.4394833 0.2252601 0.868898 -0.105147 0.755184 -0.992488 200.0 100.0
1 0 93 2059 -0.8672815 -0.2371363 -0.1943784 0.3921813 -0.26265 -0.816711 -0.107123 200.0 100.0
1 0 106 2032 -0.4569492 0.0602469 0.8658462 0.1946227 -0.539167 -0.441104 -0.620942 200.0 100.0
1 0 108 2034 -0.0282142 -0.4480735 -0.2747511 0.8502622 0.544903 0.053046 -0.81591 200.0 100.0
1 0 114 2000 -0.1382311 0.5261671 0.8104123 0.2174218 0.038884 -0.876154 -0.460851 200.0 100.0
1 0 115 2001 0.519076 0.3970187 -0.6179956 0.4370557 0.49728 0.015949 -0.945875 200.0 100.0
1 0 255 2661 0.2340614 0.028624 -0.9579508 0.1634814 0.555538 0.871469 -0.144409 200.0 100.0
1 0 274 2640 0.7795049 -0.2348044 0.2905256 0.5028258 -0.541659 0.80237 -0.325631 200.0 100.0
1 0 276 2642 0.6378349 0.5820709 0.1865905 0.4685553 -0.861735 -0.563003 -0.293793 200.0 100.0
1 0 292 2658 0.299728 0.7022989 0.4119028 0.4972681 -0.813951 -0.351162 -0.522333 200.0 100.0
1 0 309 2635 -0.5277486 0.5582285 0.144287 0.6237337 0.497966 -0.928229 -0.157557 200.0 100.0
1 0 327 2613 0.0415298 0.5750923 0.7027359 0.4167809 -0.20243 0.272807 -0.917734 200.0 100.0
1 0 334 2580 -0.5723645 -0.5721653 0.5028311 0.3036225 0.485543 0.692582 -0.159704 200.0 100.0
1 0 343 2589 -0.4044984 -0.0962752 0.0726655 0.9065494 0.513347 -0.868987 -0.244099 200.0 100.0
1 0 344 2590 -0.521075 -0.5750697 0.4156474 0.4743554 0.712489 0.980561 -0.142984 200.0 100.0
1 0 351 2597 -0.3806777 -0.0147403 -0.6988303 0.6053953 0.049767 0.175907 -1.046783 200.0 100.0
1 0 353 2599 -0.4322134 0.675937 0.2524465 0.5408988 -0.240328 -0.813868 -0.624859 200.0 100.0
1 0 363 2569 0.2246119 0.5449252 0.1994133 0.7828412 -0.813585 0.335169 -0.604204 200.0 100.0
1 0 378 2544 0.3437363 -0.6548283 0.1791448 0.6488084 -0.255559 0.763283 -0.747905 200.0 100.0
1 0 380 2546 0.9487527 0.0463724 0.04156 0.3098235 -0.486619 0.749121 -0.593239 200.0 100.0
1 0 383 2549 -0.285259 0.2800864 -0.1701001 0.9006913 -0.897541 0.695385 -0.096861 200.0 100.0
1 0 405 2531 0.7083019 -0.0444928 0.2393029 0.6626182 -0.33336 0.479108 -0.877286 200.0 100.0
1 0 411 2537 0.2243093 0.7137308 -0.6481662 0.1419657 0.736952 0.157053 -0.585366 200.0 100.0
1 0 421 2507 -0.4128017 0.0055466 -0.6212004 0.6660887 -0.841944 -0.415282 -0.348969 200.0 100.0
1 0 428 2514 -0.3266422 0.1762696 -0.6284057 0.6836229 0.035744 0.239871 -0.883192 200.0 100.0
1 0 431 2517 0.3119272 -0.577149 0.3974117 0.6416108 -0.506164 0.745646 -0.209232 200.0 100.0
1 0 434 2480 0.1661651 -0.8650142 0.4446755 0.1624907 -0.473441 1.006911 -0.217378 200.0 100.0
1 0 447 2493 -0.8908895 0.1058433 -0.4340977 0.0816835 -0.618878 -0.711386 -0.339316 200.0 100.0
1 0 464 2470 -0.0052537 0.1037041 -0.5585669 0.8229343 0.370201 0.053572 -0.878372 200.0 100.0
1 0 465 2471 0.0107671 0.6263685 -0.7787433 0.0332487 0.69432 0.083755 -0.688119 200.0 100.0
1 0 469 2475 -0.4137542 -0.1520505 -0.6855955 0.5793504 -0.451745 0.240313 -0.720129 200.0 100.0
1 0 481 2447 -0.3023846 0.8078059 0.0953015 0.4969213 -0.662208 -0.522503 -0.248469 200.0 100.0
1 0 483 2449 -0.4362144 0.7883048 -0.2076751 0.3810035 -0.80471 0.119785 -0.357797 200.0 100.0
1 0 488 2454 0.4808567 0.4569527 -0.2884419 0.690487 -0.185074 0.598387 -0.909312 200.0 100.0
1 0 499 2425 0.0575319 -0.7600924 0.3466015 0.5466415 0.471531 0.936137 -0.448161 200.0 100.0
1 0 501 2427 0.4236932 0.3394427 0.4733936 0.6936578 -0.91277 0.576999 -0.222084 200.0 100.0
1 0 504 2430 -0.1222456 -0.1050127 -0.9724596 0.1683767 0.309311 0.736284 -0.63121 200.0 100.0
1 0 508 2434 -0.676764 0.0034643 -0.3055911 0.6697705 -0.176306 -0.982941 -0.271701 200.0 100.0
1 0 513 2439 -0.4363693 0.4344566 0.2996692 0.7287165 -0.869639 -0.355683 -0.198291 200.0 100.0
1 0 516 2402 -0.2572287 0.0757393 -0.7708956 0.5777689 0.380879 -0.589154 -0.263728 200.0 100.0
1 0 524 2410 -0.4288008 0.2993956 0.4632038 0.7154959 -0.356632 -0.813497 -0.50419 200.0 100.0
1 0 525 2411 -0.2964195 0.0734843 0.9223393 0.2366978 -0.006343 -0.470298 -0.869463 200.0 100.0
1 0 526 2412 0.4124575 -0.1712321 0.729191 0.5184967 0.682654 0.460022 -0.745396 200.0 100.0
1 0 532 2418 -0.5540068 0.2646163 0.7183536 0.3271435 0.103004 -0.766889 -0.379636 200.0 100.0
1 2 2665 0 -0.4323033 0.1209097 -0.6458191 0.617586 0.489532 0.684138 0.080226 200.0 100.0
1 2 2134 248 -0.7161717 -0.0917248 -0.2846846 0.6305865 0.084603 -0.063346 1.113723 200.0 100.0
1 2 2135 249 0.2234571 -0.6657171 0.2752487 0.6566017 -0.962468 0.539309 0.365661 200.0 100.0
1 2 2136 250 -0.1969615 -0.3603784 0.3309413 0.8495949 -0.425562 -0.865525 0.544906 200.0 100.0
1 2 2137 251 0.1954963 -0.4194481 -0.2204697 0.8586254 -0.068636 -0.144814 1.05522 200.0 100.0
1 2 2138 252 0.6314967 -0.5040964 0.0930983 0.5817486 -0.976865 -0.440337 -0.062444 200.0 100.0
1 2 2139 253 0.2031322 0.3307476 -0.0154958 0.921468 0.595349 -0.253835 0.702141 200.0 100.0
1 2 2140 254 -0.0722314 0.2690473 -0.4153372 0.8659626 0.270598 -0.71337 0.477442 200.0 100.0
1 2 2141 255 -0.1943002 -0.0824594 -0.9689412 0.1288443 -0.043898 -0.242288 0.791204 200.0 100.0
1 2 2142 256 0.4171086 -0.1748316 -0.5459798 0.7052378 0.406955 -0.001749 0.963702 200.0 100.0
1 2 2144 258 0.334388 -0.651148 0.6554686 0.1858814 -0.47937 -0.647643 0.641992 200.0 100.0
1 2 2145 259 0.1548579 -0.0615173 -0.2367909 0.9571649 0.242028 -0.804793 0.781705 200.0 100.0
1 2 2146 260 -0.6044312 0.2868239 -0.1288001 0.7319874 0.408948 -0.253405 0.894096 200.0 100.0
1 2 2147 261 -0.2771793 0.9282041 -0.2163223 0.1217108 0.322877 -1.121574 0.24418 200.0 100.0
1 2 2148 262 -0.6305209 -0.619567 0.1260992 0.450199 -0.652557 0.977066 0.246351 200.0 100.0
1 2 2151 265 -0.4033787 0.2546679 0.8772833 0.0529514 -0.209398 0.610041 0.871606 200.0 100.0
1 2 2152 266 -0.6263457 0.371261 0.6284887 0.2736025 -0.052567 0.531821 0.727381 200.0 100.0
1 2 2153 267 -0.678872 0.0356918 0.6951954 0.2335858 0.223479 0.263871 1.07635 200.0 100.0
1 2 2155 229 0.1526929 -0.2821206 -0.4457967 0.8356782 -0.649089 0.590105 0.570343 200.0 100.0
1 2 2156 230 -0.2071041 -0.4668717 -0.2522263 0.8219006 -0.719526 -0.751122 0.03561 200.0 100.0
1 2 2157 231 0.883256 -0.1710774 -0.4345457 0.0419695 -0.723112 -0.468591 0.418031 200.0 100.0
1 2 2158 232 -0.5817054 0.4569724 -0.5948188 0.3146198 0.477909 0.410959 0.765895 200.0 100.0
1 2 2159 233 0.1417323 -0.1175799 -0.6962547 0.6937697 -0.070569 0.29145 1.020167 200.0 100.0
1 2 2160 234 0.2037272 0.5175212 0.4794559 0.6788145 0.709846 0.162767 0.418728 200.0 100.0
1 2 2161 235 -0.2104023 -0.1902041 -0.8715159 0.4000166 0.594223 -0.053019 0.653822 200.0 100.0
1 2 2162 236 0.8789566 0.0632384 0.1524953 0.4474164 -0.425345 -0.763138 0.618981 200.0 100.0
1 2 2163 237 0.1876708 -0.2344205 0.9431492 0.1424648 -0.096513 -0.840265 -0.073301 200.0 100.0
1 2 2164 238 0.9140575 -0.0481206 0.4024361 0.0151167 0.49773 0.747839 0.274891 200.0 100.0
1 2 2165 239 0.2219858 0.0743331 -0.693124 0.6817448 -0.271921 -0.777254 0.380361 200.0 100.0
1 2 2166 240 -0.2146297 0.4858244 0.4399785 0.7241047 0.918352 -0.441475 0.274064 200.0 100.0
1 2 2168 242 -0.4679005 -0.0662197 0.8475815 0.2414325 -0.681477 0.793544 0.280583 200.0 100.0
1 2 2169 243 0.2755193 0.302463 0.3700616 0.8340621 -0.094383 0.504762 0.637455 200.0 100.0
1 2 2170 244 -0.3300511 0.4499758 -0.8216205 0.1163094 -0.090001 -0.652053 0.597081 200.0 100.0
1 2 2171 245 0.5541181 -0.5089049 0.6219597 0.2171063 0.386586 -0.341881 0.761112 200.0 100.0
1 2 2172 246 0.3877583 0.4119909 -0.3256298 0.7575436 0.70061 0.116262 0.749356 200.0 100.0
1 2 2173 247 0.7534662 -0.358482 -0.4470246 0.3224102 -0.060456 -0.850779 0.130464 200.0 100.0
1 2 2174 208 -0.5981501 -0.1770173 -0.5796262 0.5243232 -0.085697 0.448382 0.889796 200.0 100.0
1 2 2176 210 -0.6718041 0.1838896 -0.5579041 0.4512283 0.085466 0.947156 0.177573 200.0 100.0
1 2 2178 212 -0.362463 -0.2099543 -0.6552296 0.6286604 -0.381775 0.92744 0.282194 200.0 100.0
1 2 2181 215 0.3443923 -0.3977669 -0.8281573 0.193212 -0.17643 -0.256848 0.935679 200.0 100.0
1 2 2182 216 0.1158647 -0.1677747 0.6152715 0.7614906 0.330998 0.108727 0.88325 200.0 100.0
1 2 2183 217 -0.7422077 0.5653507 -0.1012315 0.3453382 0.485316 0.805066 0.192143 200.0 100.0
1 2 2184 218 -0.1699302 -0.5288154 0.0902597 0.8266385 -0.652596 0.114903 0.669143 200.0 100.0
1 2 2185 219 0.7151607 0.3810592 0.5132261 0.2827332 0.65714 0.395726 0.391733 200.0 100.0
1 2 2186 220 0.0640163 -0.1892984 0.9695654 0.1414601 0.642685 -0.598468 0.55734 200.0 100.0
1 2 2187 221 -0.4857209 0.0514166 -0.8464283 0.2121102 0.202814 -0.633535 0.797495 200.0 100.0
1 2 2188 222 -0.7566921 0.3619371 0.4507732 0.3053231 -0.795668 -0.098465 0.756835 200.0 100.0
1 2 2189 223 -0.1897209 0.7562351 0.1221113 0.6141687 0.665746 -0.49582 0.473649 200.0 100.0
1 2 2191 225 -0.9154137 -0.3757584 -0.0020056 0.1442888 -0.298596 0.807721 0.180791 200.0 100.0
1 2 2192 226 0.341096 -0.4411864 -0.7008497 0.4447671 0.22469 0.111785 0.972308 200.0 100.0
1 2 2194 188 -0.1511341 -0.2791215 0.946024 0.065485 0.588052 0.253734 0.760429 200.0 100.0
1 2 2195 189 0.1933764 0.1324642 -0.5474473 0.8033432 0.43988 -0.705099 0.454522 200.0 100.0
1 2 2196 190 -0.3652695 0.5651054 0.2183718 0.706787 -0.59214 0.564467 0.303038 200.0 100.0
1 2 2197 191 -0.4419206 -0.5091072 0.6870561 0.2710534 -0.067035 -0.946855 0.16673 200.0 100.0
1 2 2198 192 -0.1807181 0.0073584 -0.7123798 0.6780869 0.728559 -0.636661 0.263321 200.0 100.0
1 2 2199 193 -0.4866156 0.2739486 0.6589665 0.5039054 0.49969 0.682 0.649835 200.0 100.0
1 2 2200 194 0.2395664 0.5667347 -0.3409252 0.710767 0.591809 0.513947 0.487605 200.0 100.0
1 2 2201 195 0.7834957 0.525326 0.3292246 0.0421683 0.540973 0.728937 0.198046 200.0 100.0
1 2 2202 196 0.8966807 -0.2823111 -0.1806777 0.2891707 0.087276 -0.911479 0.374298 200.0 100.0
1 2 2203 197 -0.5260838 0.1895042 0.6093427 0.5621615 0.042075 -0.122931 1.017903 200.0 100.0
1 2 2204 198 -0.3117913 0.5672391 -0.2065621 0.7337289 0.337322 -0.112211 1.019516 200.0 100.0
1 2 2205 199 -0.2768962 -0.7528475 -0.5571255 0.2148496 0.18133 0.651244 0.735961 200.0 100.0
1 2 2206 200 0.4397548 -0.4750927 -0.4074528 0.6441155 0.141626 -0.472738 0.660337 200.0 100.0
1 2 2207 201 -0.4149397 0.8270157 0.3642255 0.1058763 -0.564936 0.645832 0.496743 200.0 100.0
1 2 2209 203 0.3521226 -0.7220249 0.410069 0.4318948 0.576521 -0.761149 0.258319 200.0 100.0
1 2 2210 204 0.3967034 -0.4788178 -0.4376001 0.6495122 -0.798774 0.484598 0.109561 200.0 100.0
1 2 2211 205 0.0991047 -0.5882964 -0.2346792 0.7674707 -0.622599 -0.718649 -0.112602 200.0 100.0
1 2 2212 206 0.1719519 0.1998171 -0.1821807 0.9472676 0.150383 0.62972 0.750133 200.0 100.0
1 2 2213 207 0.0993716 0.1177369 0.5437241 0.8250015 0.516819 -0.894047 0.164029 200.0 100.0
1 2 2214 168 -0.5464354 0.0733941 -0.6403585 0.5347548 0.4833 0.880175 -0.032498 200.0 100.0
1 2 2215 169 -0.4926673 -0.6790396 -0.5196579 0.1616779 -0.888651 0.290083 0.447856 200.0 100.0
1 2 2216 170 0.5647044 0.1454764 -0.0420395 0.8112818 0.26923 -0.564603 0.695421 200.0 100.0
1 2 2217 171 -0.2007988 -0.0935226 -0.656702 0.7208855 -0.158826 0.869621 0.22971 200.0 100.0
1 2 2219 173 0.1141761 -0.2591012 -0.0700502 0.9565162 -0.293442 0.48972 0.798097 200.0 100.0
1 2 2220 174 0.2319875 0.5469021 -0.7866234 0.1682363 0.419897 -0.987525 0.176744 200.0 100.0
1 2 2221 175 -0.3413427 -0.4737942 -0.7847232 0.207879 -0.044768 0.172715 0.966622 200.0 100.0
1 2 2222 176 -0.4354385 0.7089782 -0.0636391 0.5510838 0.733596 0.811923 0.344781 200.0 100.0
1 2 2224 178 0.1945174 -0.6051684 -0.7599083 0.1359174 -0.673522 0.10367 0.775968 200.0 100.0
1 2 2226 180 -0.1047261 -0.1825899 0.3779458 0.9015821 -0.882634 0.287377 0.412935 200.0 100.0
1 2 2227 181 -0.6427742 -0.0364775 -0.5844602 0.4938796 0.72158 -0.107564 0.704583 200.0 100.0
1 2 2228 182 0.3499965 0.6414484 0.5718979 0.3727991 0.648882 -0.404052 0.825981 200.0 100.0
1 2 2229 183 0.0409048 -0.4626632 -0.8052257 0.3686207 -0.510063 -0.34362 0.865931 200.0 100.0
1 2 2231 185 -0.265715 0.0283137 0.1099422 0.9573435 0.787412 0.487306 0.450493 200.0 100.0
1 2 2233 187 0.0942665 -0.2026704 -0.5617463 0.7965423 0.419958 -0.342525 0.640722 200.0 100.0
1 2 2234 148 -0.1217593 0.6290433 -0.7562052 0.132789 -0.157732 -1.076767 0.137064 200.0 100.0
1 2 2236 150 0.4829189 0.1076912 -0.8681164 0.0395703 -0.960776 -0.393579 0.710118 200.0 100.0
1 2 2238 152 0.2512906 -0.3778083 0.1807559 0.872606 -0.499433 -0.805674 0.113464 200.0 100.0
1 2 2239 153 -0.4448179 -0.1541002 -0.7024906 0.5337576 0.898775 -0.124976 0.401252 200.0 100.0
1 2 2240 154 -0.4881214 0.0315546 -0.8617784 0.1344611 0.493262 -1.042132 0.393295 200.0 100.0
1 2 2241 155 0.5688166 -0.525281 -0.5736198 0.2673721 -0.734503 -0.742537 0.171859 200.0 100.0
1 2 2242 156 -0.2710813 0.4577804 0.7397732 0.4119316 0.409403 0.70305 0.603574 200.0 100.0
1 2 2243 157 -0.5369963 0.0353926 -0.8128973 0.2226663 0.047471 -0.721096 0.635105 200.0 100.0
1 2 2244 158 0.259271 -0.0784773 0.6742043 0.6870724 -0.618151 -0.82345 0.14824 200.0 100.0
1 2 2245 159 0.3503988 -0.2032794 -0.3335219 0.8512704 -0.908633 -0.428292 0.486585 200.0 100.0
1 2 2246 160 -0.1226271 0.6160264 0.7770243 0.0413205 -0.756199 0.110832 0.54402 200.0 100.0
1 2 2247 161 -0.1386364 0.5182825 -0.8343693 0.126456 -0.675341 0.099163 0.657192 200.0 100.0
1 2 2248 162 -0.0354245 -0.4406392 0.578235 0.6857306 -0.507406 -0.264556 1.069268 200.0 100.0
1 2 2249 163 -0.2441621 0.6367192 0.4594846 0.5690759 0.653127 0.548754 0.154169 200.0 100.0
1 2 2250 164 0.4785372 0.2423148 0.7487568 0.3894213 0.156427 -0.124102 0.946851 200.0 100.0
1 2 2251 165 0.6920314 -0.2862529 -0.1967416 0.6328069 -0.107814 -0.629753 0.570412 200.0 100.0
1 2 2252 166 0.0398197 0.7051114 0.0649991 0.7049875 0.743614 0.155327 0.609776 200.0 100.0
1 2 2253 167 -0.6507598 -0.0725009 -0.7557669 0.00846 0.978446 -0.454062 0.372976 200.0 100.0
1 2 2254 128 -0.0132599 0.161317 0.7196776 0.6751778 0.371218 -0.809004 0.260958 200.0 100.0
1 2 2255 129 0.6905276 0.1590319 0.381411 0.593638 0.686683 -0.368212 0.777578 200.0 100.0
1 2 2256 130 0.2093321 -0.43242 -0.1492688 0.8642406 -0.254603 -0.825816 0.453632 200.0 100.0
1 2 2257 131 0.6946325 0.6268082 0.2818944 0.2124446 0.687466 0.818625 0.198488 200.0 100.0
1 2 2258 132 0.2439092 -0.1125587 0.5662532 0.7792279 0.892462 0.50894 0.464579 200.0 100.0
1 2 2261 135 -0.0060332 -0.3176412 0.3003733 0.8993573 -0.482191 0.192696 0.810873 200.0 100.0
1 2 2262 136 -0.2844972 -0.3707701 -0.3574739 0.8085811 0.847405 0.702541 0.190812 200.0 100.0
1 2 2263 137 0.7327422 0.5591747 0.2696558 0.2787441 0.678286 0.536384 -0.083439 200.0 100.0
1 2 2264 138 -0.0708356 -0.3080778 0.739036 0.5948917 -0.006312 -0.240688 0.930103 200.0 100.0
1 2 2265 139 0.492522 -0.436959 0.7172542 0.2281126 -0.275697 -0.933008 0.011447 200.0 100.0
1 2 2268 142 -0.0029181 -0.6367597 -0.2668297 0.7234158 -0.709754 -0.665459 0.036952 200.0 100.0
1 2 2269 143 0.2277327 -0.2693731 0.921153 0.1644782 0.360404 -0.070561 0.868139 200.0 100.0
1 2 2270 144 0.0354339 -0.8521256 -0.5220139 0.0113088 0.037219 0.964132 0.413439 200.0 100.0
1 2 2272 146 0.6508368 -0.0501537 -0.545739 0.5254189 -1.077888 0.199676 0.355465 200.0 100.0
1 2 2274 108 -0.2865009 0.3056449 -0.7421257 0.5232093 0.122472 0.634257 0.628271 200.0 100.0
1 2 2277 111 -0.3011501 -0.2272729 -0.758723 0.5310321 -0.513254 0.192147 0.922409 200.0 100.0
1 2 2278 112 -0.5508814 0.3707258 0.7476972 0.0064034 -0.900101 -0.514291 0.119638 200.0 100.0
1 2 2279 113 -0.0368859 -0.9647617 -0.2594857 0.0232687 0.893248 0.660534 0.09268 200.0 100.0
1 2 2280 114 -0.4250862 -0.4368195 0.7202139 0.3313342 -0.095097 0.073193 1.015699 200.0 100.0
1 2 2281 115 0.4285784 0.7943128 -0.3830976 0.1965298 -0.83941 -0.55259 0.187893 200.0 100.0
1 2 2283 117 -0.1035523 -0.2161669 0.8800907 0.4098648 -0.430209 0.736462 0.419155 200.0 100.0
1 2 2284 118 0.0127986 0.4947374 -0.7389892 0.457128 -0.517189 0.09979 0.673185 200.0 100.0
1 2 2285 119 0.1829595 0.3361329 -0.5056955 0.7731834 -0.1436 -0.764094 0.701454 200.0 100.0
1 2 2286 120 -0.2288441 0.5678257 0.6365212 0.4690897 -0.177159 -0.170008 1.038929 200.0 100.0
1 2 2287 121 0.1955312 -0.5614161 0.7058372 0.3851926 0.73004 -0.593495 0.20066 200.0 100.0
1 2 2289 123 -0.1769421 -0.7320304 0.3028324 0.5840509 -0.419136 -0.661944 0.18946 200.0 100.0
1 2 2290 124 0.1161462 -0.3757302 0.9130081 0.1084122 -0.371746 -0.959589 0.060178 200.0 100.0
1 2 2291 125 -0.0066261 0.4907133 -0.7048377 0.5122112 0.518211 -0.186318 0.854158 200.0 100.0
1 2 2292 126 -0.418618 -0.0834169 0.3179798 0.8465751 -0.336493 0.164955 0.968245 200.0 100.0
1 2 2294 88 0.5279031 -0.5339399 -0.5418529 0.3776532 -0.530218 -0.231852 0.974192 200.0 100.0
1 2 2297 91 -0.3900911 -0.4123005 0.7943734 0.216352 -0.174478 -0.110151 0.715735 200.0 100.0
1 2 2298 92 0.723043 0.1843028 0.4138275 0.5215248 0.477695 -0.351827 0.752335 200.0 100.0
1 2 2301 95 0.1278698 0.940134 0.2904705 0.1241942 0.736674 0.105336 0.513755 200.0 100.0
1 2 2302 96 -0.0175358 -0.2687036 -0.4379103 0.8577444 -0.145733 -0.440355 0.916661 200.0 100.0
1 2 2303 97 -0.6334989 0.2698205 -0.5156325 0.5099011 0.070595 0.841053 -0.023687 200.0 100.0
1 2 2305 99 -0.3260518 -0.4445438 0.8258943 0.1181933 -0.04674 -0.543863 0.916578 200.0 100.0
1 2 2306 100 -0.0721695 0.093204 0.7643629 0.6339194 0.136241 -0.184727 0.973001 200.0 100.0
1 2 2307 101 0.6539003 0.3156115 0.6866167 0.0368958 0.221046 0.88324 0.354568 200.0 100.0
1 2 2308 102 0.0235819 0.539579 0.6708886 0.5081407 0.28172 0.465337 0.830448 200.0 100.0
1 2 2310 104 -0.8043677 -0.2861502 -0.4023045 0.3305477 0.139976 1.014912 0.284951 200.0 100.0
1 2 2311 105 0.0513107 0.5702057 -0.2988872 0.7634783 0.455571 -0.128122 0.945666 200.0 100.0
1 2 2312 106 -0.2452889 -0.0962712 0.3447495 0.9009512 -0.65596 -0.601609 0.572108 200.0 100.0
1 2 2313 107 0.5952763 -0.0171426 -0.4535504 0.6630568 -0.227794 0.370681 0.936301 200.0 100.0
1 2 2315 69 0.2189258 -0.5885692 0.3422529 0.6989426 0.371806 -0.750195 0.69097 200.0 100.0
1 2 2316 70 0.6239884 0.2234228 0.4753118 0.5786185 0.105152 0.466711 0.754164 200.0 100.0
1 2 2317 71 -0.1360707 -0.5291712 -0.8342484 0.0741099 -0.357039 -0.432908 0.806338 200.0 100.0
1 2 2318 72 0.2331005 -0.3202207 0.9182149 0.0020436 -0.109739 0.124271 1.241454 200.0 100.0
1 2 2319 73 -0.1423493 -0.0221598 -0.7388334 0.6583091 -0.535849 -0.678661 0.392358 200.0 100.0
1 2 2320 74 -0.0901741 -0.8547524 -0.1877967 0.4753939 -0.915041 0.604266 0.167042 200.0 100.0
1 2 2321 75 0.3245429 -0.7807355 -0.2938685 0.445831 -0.686001 -0.513752 0.816039 200.0 100.0
1 2 2322 76 -0.5137831 0.3373853 0.3466412 0.7085464 0.960982 -0.151873 0.579227 200.0 100.0
1 2 2323 77 -0.557312 0.6750089 -0.4533993 0.1679147 0.910141 0.628205 0.219355 200.0 100.0
1 2 2324 78 0.3115459 0.0409632 -0.7152679 0.6242219 0.183262 -1.050326 0.095498 200.0 100.0
1 2 2326 80 0.4545719 0.1576185 -0.8563601 0.1875316 -0.257684 -0.899035 0.273192 200.0 100.0
1 2 2327 81 -0.6331911 -0.5191977 0.3910325 0.4202338 -0.561954 0.504932 0.728341 200.0 100.0
1 2 2329 83 0.258491 0.020278 0.6247396 0.7365268 -0.484633 -0.896801 0.226258 200.0 100.0
1 2 2330 84 -0.7383142 0.5556517 -0.3680389 0.1033959 0.751866 -0.628196 0.326333 200.0 100.0
1 2 2331 85 0.6352023 0.0363397 0.6649496 0.3912026 0.72348 -0.514829 0.285881 200.0 100.0
1 2 2332 86 0.1309547 0.2880808 -0.7223618 0.6148608 0.038377 -0.081079 0.986006 200.0 100.0
1 2 2333 87 0.0786873 0.6373083 0.6093635 0.4651049 -0.095205 0.717256 0.578516 200.0 100.0
1 2 2334 48 0.5412279 -0.7128216 -0.3698071 0.2494001 -0.718523 0.037667 0.542406 200.0 100.0
1 2 2335 49 -0.5304934 -0.5286102 0.1288113 0.6500428 -0.14939 1.014928 0.387994 200.0 100.0
1 2 2336 50 -0.1290334 0.0235436 0.2013174 0.9707046 0.451003 -0.344536 0.89079 200.0 100.0
1 2 2338 52 0.4839797 0.6089433 0.1834766 0.6010724 0.932384 -0.451895 0.409428 200.0 100.0
1 2 2339 53 -0.1947927 -0.4682857 -0.5678808 0.6482867 -0.384114 -0.495814 0.676095 200.0 100.0
1 2 2340 54 0.120512 0.0731378 0.9890955 0.0426357 -0.510143 0.669656 0.441976 200.0 100.0
1 2 2342 56 -0.8105352 -0.0439138 0.4246719 0.4009465 0.558592 0.854687 0.183498 200.0 100.0
1 2 2346 60 0.080061 0.1217603 0.8498581 0.5064641 0.214673 -0.885229 0.395142 200.0 100.0
1 2 2347 61 0.6240484 -0.2965126 0.6753325 0.2580114 0.648934 -0.471415 0.431966 200.0 100.0
1 2 2350 64 -0.1363383 0.6869438 0.2252741 0.6773268 -0.251068 0.336374 0.968376 200.0 100.0
1 2 2351 65 0.6827896 -0.1779357 0.20497 0.6783248 0.761484 -0.781923 0.300996 200.0 100.0
1 2 2352 66 0.0716767 -0.0349115 -0.9837557 0.1608367 -0.537311 0.173896 0.735741 200.0 100.0
1 2 2353 67 0.1341894 0.1047601 0.7372848 0.6537811 0.805063 0.346871 0.696689 200.0 100.0
1 2 2354 28 0.9821105 0.1026263 -0.122116 0.1000725 0.430164 -0.848605 0.119968 200.0 100.0
1 2 2355 29 0.1077641 0.3865804 0.9156721 0.0220695 -0.508051 0.614261 0.424217 200.0 100.0
1 2 2356 30 -0.0373515 0.198287 -0.9787474 0.036614 0.58702 -0.76624 0.52821 200.0 100.0
1 2 2357 31 0.2447093 0.2407724 0.9024805 0.260144 0.515957 -0.649414 0.482064 200.0 100.0
1 2 2358 32 0.2137641 -0.4254238 -0.094948 0.874245 -0.076531 0.8159 0.384278 200.0 100.0
1 2 2360 34 0.0453773 -0.8230864 -0.5471659 0.1451866 -0.61081 0.655094 0.44545 200.0 100.0
1 2 2362 36 0.0544199 -0.8517487 0.5199211 0.0352809 -0.264892 -1.019113 0.174146 200.0 100.0
1 2 2363 37 0.0040108 0.5388155 -0.7999787 0.2639998 -0.556265 -0.700422 0.667522 200.0 100.0
1 2 2364 38 0.2537442 0.2044868 -0.87723 0.3525145 -0.787114 0.397613 0.202107 200.0 100.0
1 2 2365 39 0.8899423 0.0521078 -0.3745005 0.2550232 -0.293222 -0.565178 0.824577 200.0 100.0
1 2 2366 40 0.0498163 0.3180518 -0.9401635 0.1115976 -0.724335 -0.035193 0.904161 200.0 100.0
1 2 2367 41 0.4876361 0.6155167 0.5871897 0.1963629 -0.208183 0.365279 0.775591 200.0 100.0
1 2 2368 42 -0.0125667 -0.5162862 -0.2813905 0.8087707 -0.073891 -0.773042 0.622317 200.0 100.0
1 2 2370 44 0.1348904 0.3025401 0.7982161 0.5031155 0.264125 0.752217 0.777149 200.0 100.0
1 2 2372 46 -0.1290447 -0.2218962 0.8968973 0.3601176 -0.472868 0.640944 0.428999 200.0 100.0
1 2 2373 47 0.1873909 -0.0334634 -0.1710488 0.9666991 0.760391 0.021381 0.635723 200.0 100.0
1 2 2374 8 0.1792825 -0.0927161 0.0614905 0.9774868 -0.636716 -0.411884 0.237378 200.0 100.0
1 2 2375 9 0.4898204 0.1990161 -0.7568944 0.3841606 -0.257244 -0.721192 0.126038 200.0 100.0
1 2 2376 10 0.025774 0.3447218 0.5765044 0.7403684 -0.589925 -0.010687 0.827427 200.0 100.0
1 2 2377 11 -0.3977459 -0.6324047 -0.5081268 0.428567 0.90473 0.623593 0.212275 200.0 100.0
1 2 2378 12 0.1474244 0.2324503 -0.8009453 0.5317137 -0.247397 0.697816 0.499453 200.0 100.0
1 2 2380 14 -0.3800221 0.1430199 0.8545684 0.3237921 0.687567 0.232017 0.585257 200.0 100.0
1 2 2381 15 0.1357026 -0.5816388 -0.4446459 0.6675112 -0.541498 0.607335 0.620537 200.0 100.0
1 2 2382 16 -0.1786392 -0.5528888 0.5838083 0.5670714 -0.170542 -0.670769 0.664026 200.0 100.0
1 2 2384 18 0.9793779 0.0013606 -0.1977752 0.0412564 -0.306607 -0.835661 0.028221 200.0 100.0
1 2 2385 19 -0.5680199 -0.3665652 0.5188138 0.5232739 -0.37788 0.070909 0.840105 200.0 100.0
1 2 2386 20 -0.1855202 0.1476971 -0.0456937 0.9704019 0.71252 0.735073 0.133636 200.0 100.0
1 2 2389 23 -0.086978 0.4587899 -0.21685 0.8572763 0.498808 0.929072 0.283135 200.0 100.0
1 2 2390 24 -0.9109462 -0.3522564 0.1988703 0.0808894 -0.922962 0.479767 0.066335 200.0 100.0
1 2 2392 26 -0.3870274 0.2061682 0.0028958 0.8987191 0.47819 0.785955 0.132954 200.0 100.0
1 2 2393 27 -0.3179827 0.281133 -0.6707524 0.608229 0.632871 0.347026 0.842741 200.0 100.0
1 2 2406 0 -0.0222492 0.6828931 -0.5304586 0.5017726 -0.394828 -0.453282 0.669432 200.0 100.0
1 2 2407 1 -0.4953364 -0.2106403 0.0330972 0.8421266 0.487103 0.77074 0.560559 200.0 100.0
1 2 2408 2 0.0438799 -0.892184 -0.1727668 0.4150107 -0.623583 0.618524 0.213744 200.0 100.0
1 2 2410 4 -0.5955875 -0.2605243 0.0099117 0.7598055 -0.968294 -0.32959 0.363341 200.0 100.0
1 2 2411 5 -0.0598999 -0.1921492 -0.5812623 0.7884319 0.597558 0.841267 0.130174 200.0 100.0
1 2 2412 6 0.1207766 0.8493853 -0.2956546 0.4201738 0.540669 -0.480324 0.600481 200.0 100.0
1 2 2413 7 -0.5196407 -0.7760744 0.3571158 0.0122676 -0.764937 0.019965 0.60555 200.0 100.0
1 2 2534 648 0.6044959 0.1107121 0.3520331 0.7059746 -0.144492 0.002321 0.989134 200.0 100.0
1 2 2535 649 -0.1668744 -0.2332916 -0.3174931 0.9038396 -0.042528 -0.59301 0.858183 200.0 100.0
1 2 2536 650 0.1383623 0.7480998 -0.3536442 0.5441859 0.919747 -0.182449 0.589295 200.0 100.0
1 2 2537 651 -0.8140892 -0.3059293 -0.2575565 0.4211066 -0.074083 0.85349 0.352087 200.0 100.0
1 2 2538 652 0.1997339 0.5853395 -0.2589863 0.7418963 0.658963 0.037943 0.895582 200.0 100.0
1 2 2539 653 -0.4874672 -0.495427 -0.6922657 0.1941546 -0.008582 0.499036 0.790721 200.0 100.0
1 2 2540 654 0.7044408 0.5178508 -0.1007013 0.4748188 0.290954 -0.712482 0.82009 200.0 100.0
1 2 2542 656 -0.400922 0.4789244 -0.7528642 0.2075778 0.549925 -0.776615 0.207142 200.0 100.0
1 2 2543 657 -0.3904683 0.6261192 0.4903692 0.4637319 0.849412 0.45723 0.159435 200.0 100.0
1 2 2545 659 -0.4204253 0.0058416 0.9070681 0.0208764 0.274984 0.711872 0.624706 200.0 100.0
1 2 2546 660 0.8016143 -0.3211884 -0.2539469 0.4356185 -0.722043 -0.568892 0.406714 200.0 100.0
1 2 2549 663 0.767763 0.0194261 0.6403454 0.0109762 0.692731 0.196249 0.473969 200.0 100.0
1 2 2550 664 0.0766665 -0.488666 -0.7044405 0.5090101 0.093621 -0.202954 0.88032 200.0 100.0
1 2 2551 665 0.3269807 0.1918199 -0.5315004 0.7574933 0.345034 -0.946007 0.434237 200.0 100.0
1 2 2552 666 -0.7637801 -0.4650851 0.4262175 0.1366548 -0.586456 0.43589 0.681529 200.0 100.0
1 2 2553 667 0.2715824 -0.2081399 0.45674 0.8211634 -0.49283 -0.918365 0.252897 200.0 100.0
1 2 2554 628 -0.3384512 -0.1425502 0.7269768 0.5802026 0.1728 -0.222593 0.954927 200.0 100.0
1 2 2555 629 0.2355334 -0.4650374 -0.5467979 0.6551919 -0.723515 -0.307609 0.433821 200.0 100.0
1 2 2557 631 0.4731763 0.2196316 0.7839529 0.3365768 0.821427 -0.014597 0.42589 200.0 100.0
1 2 2558 632 -0.4058998 -0.4607519 0.691122 0.3811868 -0.500308 0.407369 0.765332 200.0 100.0
1 2 2559 633 -0.2853512 0.5899184 0.6400639 0.4011099 0.626675 0.759354 0.219568 200.0 100.0
1 2 2563 637 0.544125 -0.002047 -0.1218087 0.8301123 0.191425 0.045319 0.947051 200.0 100.0
1 2 2565 639 -0.318784 -0.5992753 -0.6881783 0.2562354 0.025024 0.700691 1.008197 200.0 100.0
1 2 2567 641 -0.1430528 0.4745664 0.1083545 0.8617319 0.958999 -0.723583 0.358701 200.0 100.0
1 2 2569 643 -0.434433 0.135724 0.7053089 0.5434946 -0.768037 0.490872 0.500671 200.0 100.0
1 2 2571 645 -0.7528686 0.4755168 -0.3971761 0.2220897 0.665244 -0.242474 0.590514 200.0 100.0
1 2 2572 646 -0.4124735 -0.6673231 -0.3054966 0.5396455 -0.786797 0.130562 0.695611 200.0 100.0
1 2 2573 647 0.3922183 -0.3788596 -0.3274489 0.7716265 -0.504608 0.846046 0.208127 200.0 100.0
1 2 2574 608 -0.2514571 0.4446072 0.8221056 0.2514679 0.360656 0.899999 0.53281 200.0 100.0
1 2 2575 609 0.4198573 -0.0935528 0.7523882 0.4988784 -0.448737 -0.726609 0.041591 200.0 100.0
1 2 2576 610 0.2880264 -0.1503643 0.3021252 0.8961873 0.529337 -0.581471 0.782999 200.0 100.0
1 2 2578 612 -0.160307 0.4220214 -0.3278252 0.8298977 0.546632 0.99477 0.023558 200.0 100.0
1 2 2579 613 0.516521 -0.1666725 0.3492174 0.7638544 -0.834657 -0.379134 0.360331 200.0 100.0
1 2 2580 614 -0.0978118 0.4553769 -0.7249727 0.5074242 0.101281 -0.94431 0.098346 200.0 100.0
1 2 2582 616 -0.6826998 -0.1492105 0.6581343 0.2802079 -0.604973 -0.338517 0.644011 200.0 100.0
1 2 2583 617 -0.426496 -0.6529582 -0.4393966 0.4457323 -0.397909 0.785923 0.254128 200.0 100.0
1 2 2585 619 -0.4998477 -0.4956194 -0.6717481 0.2307991 0.113473 0.462381 0.834876 200.0 100.0
1 2 2586 620 0.1819003 -0.7713024 0.577763 0.1954349 -0.188612 -0.905182 0.55007 200.0 100.0
1 2 2589 623 -0.483794 0.4645419 -0.6347488 0.3837162 0.502623 -0.679112 0.628344 200.0 100.0
1 2 2590 624 -0.1489441 0.4291763 0.7613224 0.4626138 -0.543395 -0.198524 0.8577 200.0 100.0
1 2 2591 625 0.2724574 0.0573994 -0.6300101 0.7249548 -0.780034 0.142142 0.53705 200.0 100.0
1 2 2592 626 -0.5941549 0.5433537 -0.3433276 0.483604 0.567993 -0.345555 0.327041 200.0 100.0
1 2 2593 627 0.810572 -0.0283442 -0.1766069 0.5576554 -0.586081 -0.343622 0.671015 200.0 100.0
1 2 2594 588 0.4758585 0.6607593 0.1764832 0.5530004 0.884105 0.361692 0.499477 200.0 100.0
1 2 2595 589 -0.0041016 0.2723607 -0.9616648 0.03168 0.370431 -0.849 -0.082807 200.0 100.0
1 2 2596 590 -0.2589538 -0.1029319 0.4342296 0.8566169 0.81924 -0.141834 0.631236 200.0 100.0
1 2 2597 591 -0.8212752 0.1078945 0.4298375 0.3593125 0.453989 0.555096 0.6972 200.0 100.0
1 2 2598 592 0.0478657 -0.7055545 -0.6831127 0.1823701 0.303383 0.790112 0.339375 200.0 100.0
1 2 2600 594 0.7325679 -0.037952 0.3519009 0.5814376 -0.597512 -0.779482 0.133117 200.0 100.0
1 2 2601 595 0.1441531 -0.026166 -0.9775962 0.1511319 -0.845546 0.521998 0.000519 200.0 100.0
1 2 2602 596 0.5703906 -0.0754184 -0.3206743 0.7524192 0.441349 -0.314202 0.678191 200.0 100.0
1 2 2603 597 0.1385651 0.3316461 -0.9064693 0.2216393 -0.104991 -0.712211 0.66535 200.0 100.0
1 2 2604 598 -0.6953663 -0.3182313 -0.6037642 0.2250854 0.318373 0.750779 0.253027 200.0 100.0
1 2 2606 600 -0.7315685 -0.2833828 -0.5292035 0.32318 0.875014 0.363497 0.564327 200.0 100.0
1 2 2607 601 0.0073084 -0.3348039 0.9368711 0.1006254 -0.104329 -0.14591 0.927979 200.0 100.0
1 2 2611 605 -0.7370412 0.1601969 -0.2938907 0.5871418 0.86326 0.251134 0.453632 200.0 100.0
1 2 2613 607 -0.2926187 0.268965 0.4221634 0.8147455 -0.379362 0.213888 0.897556 200.0 100.0
1 2 2614 568 -0.4330719 0.8306002 0.09443 0.3370979 0.543157 -0.660298 0.158236 200.0 100.0
1 2 2615 569 -0.6069054 0.0937835 0.7516681 0.2405525 0.240697 0.858948 -0.010918 200.0 100.0
1 2 2616 570 0.1065502 0.7073914 -0.6945416 0.0765271 0.138133 -0.68526 0.437104 200.0 100.0
1 2 2618 572 0.552359 -0.6759209 0.1214735 0.4725195 0.117151 -1.065342 -0.050265 200.0 100.0
1 2 2619 573 -0.0877962 -0.8097569 0.5619764 0.1441119 0.740084 -0.538388 0.442087 200.0 100.0
1 2 2620 574 -0.8258217 -0.3144309 -0.3045372 0.3555403 0.690658 0.547081 0.238848 200.0 100.0
1 2 2621 575 -0.1245594 -0.2661731 -0.3464966 0.8908294 0.635368 -0.140995 0.741748 200.0 100.0
1 2 2623 577 0.5092176 -0.0882712 0.5698898 0.6388515 0.779375 -0.790867 0.44423 200.0 100.0
1 2 2624 578 -0.0093261 -0.505398 -0.6154418 0.6047456 0.365157 0.86292 0.255971 200.0 100.0
1 2 2625 579 0.3157209 -0.4680354 -0.1768156 0.8062254 -0.636269 0.690358 0.255885 200.0 100.0
1 2 2626 580 0.5674764 0.3436827 -0.2866586 0.6911437 0.030207 -0.696227 0.97461 200.0 100.0
1 2 2627 581 0.0908956 0.4364382 -0.844921 0.2955813 0.202279 -0.245651 0.979209 200.0 100.0
1 2 2628 582 0.487545 0.4473629 -0.1137941 0.7410919 0.128512 -0.03109 0.956572 200.0 100.0
1 2 2629 583 0.4646691 -0.2874393 0.52275 0.6543651 -0.217878 -0.2636 1.139866 200.0 100.0
1 2 2632 586 -0.5967487 -0.3963098 -0.677999 0.1647628 0.523219 0.288735 0.889501 200.0 100.0
1 2 2633 587 0.5458397 -0.1765407 -0.3666041 0.7324574 -0.638146 0.384235 0.626959 200.0 100.0
1 2 2634 7 -0.3941424 -0.8616274 -0.0015572 0.3197618 0.658609 -0.729287 0.440126 200.0 100.0
1 2 2634 548 0.4521067 0.182148 -0.7495163 0.4479363 -0.856607 -0.566756 0.085526 200.0 100.0
1 2 2635 6 -0.8665831 -0.0462723 0.4515626 0.2073252 0.116454 -0.556509 0.631034 200.0 100.0
1 2 2635 549 0.2848619 -0.5528055 -0.3594676 0.6957319 -0.655725 0.231053 0.549143 200.0 100.0
1 2 2636 5 0.3234954 -0.3724735 -0.2053701 0.845244 -0.76536 -0.674944 0.261902 200.0 100.0
1 2 2636 550 -0.5532911 0.5233386 0.3341593 0.5552686 -0.612452 0.818921 0.371043 200.0 100.0
1 2 2637 4 -0.9494033 0.0396778 -0.0878568 0.2988983 0.001774 -0.536262 0.884824 200.0 100.0
1 2 2637 551 -0.9477516 0.0156041 0.0057915 0.3185747 -0.735716 0.573966 0.356095 200.0 100.0
1 2 2638 3 -0.5296234 -0.1194099 0.0151156 0.8396498 -0.628925 0.268256 -0.89093 200.0 100.0
1 2 2638 552 -0.2867649 -0.7379931 0.4171822 0.4461963 -0.907875 0.304117 0.450674 200.0 100.0
1 2 2639 2 0.1262744 0.246384 0.9521877 0.1291835 -0.107399 -1.004936 -0.342251 200.0 100.0
1 2 2640 1 0.060224 0.4278091 0.5394038 0.7227696 -0.981241 0.441693 0.145796 200.0 100.0
1 2 2641 0 0.7494735 -0.1554075 0.639509 0.0718761 -0.574639 0.281743 -0.831488 200.0 100.0
1 2 2641 555 -0.3358776 0.1134535 0.4095152 0.8406021 0.424655 1.101004 -0.210223 200.0 100.0
1 2 2642 556 -0.7207647 0.2624551 0.633372 0.1022521 -0.809022 -0.88665 0.117882 200.0 100.0
1 2 2647 561 -0.7739227 0.1924211 0.1189225 0.5915024 0.385034 0.221472 0.871068 200.0 100.0
1 2 2648 562 -0.1753186 0.0888895 0.8721253 0.448062 -0.216332 -0.858386 0.617019 200.0 100.0
1 2 2649 563 0.7381029 0.0843366 -0.2075176 0.6364181 -0.264312 -0.630695 0.758763 200.0 100.0
1 2 2650 564 0.4934254 -0.3666236 0.6412735 0.4592241 0.718 0.094719 0.619605 200.0 100.0
1 2 2651 565 -0.3448702 -0.8349768 -0.2274143 0.3635397 -0.0069 0.930304 0.194806 200.0 100.0
1 2 2653 567 -0.3445124 -0.2436751 -0.7435265 0.5187504 0.309099 1.112018 0.089729 200.0 100.0
1 2 2654 528 0.41942 -0.2843485 -0.8489975 0.1497869 0.032545 0.514989 0.745775 200.0 100.0
1 2 2655 26 0.4424316 0.6827951 0.4268668 0.3947528 -0.543728 0.668855 -0.56401 200.0 100.0
1 2 2657 24 -0.5137858 -0.3529443 0.7623905 0.1738255 0.161445 0.769517 -0.26342 200.0 100.0
1 2 2657 531 0.1179446 -0.0796914 0.5497814 0.823091 0.040002 0.276675 1.003646 200.0 100.0
1 2 2658 23 0.065931 0.8391552 0.2974633 0.4505411 0.373258 0.257722 -0.818542 200.0 100.0
1 2 2658 532 -0.2346951 -0.6969157 -0.4441879 0.511785 0.590449 0.63488 0.145266 200.0 100.0
1 2 2659 22 0.1629183 0.3681422 -0.2574085 0.8784474 0.096595 0.720852 0.574159 200.0 100.0
1 2 2659 533 -0.0437737 -0.1452269 -0.8581241 0.4905262 0.641408 -0.56841 0.599246 200.0 100.0
1 2 2660 21 0.4125599 0.431031 0.801553 0.0389801 -0.011224 0.317837 -1.199765 200.0 100.0
1 2 2661 20 0.0908396 -0.6638509 -0.6129958 0.418672 0.613087 0.778291 -0.210897 200.0 100.0
1 2 2661 535 -0.3564306 0.2613667 -0.8140418 0.3768032 -0.29975 0.149967 0.876248 200.0 100.0
1 2 2662 19 -0.7515018 -0.0331044 0.0159646 0.6587065 -0.107667 0.851039 -0.688692 200.0 100.0
1 2 2662 536 0.374673 -0.2821283 -0.6692009 0.5763626 -0.371005 0.654516 0.923538 200.0 100.0
1 2 2663 537 -0.3395521 -0.1432025 0.3495716 0.8613925 -0.698118 -0.328435 0.578691 200.0 100.0
1 2 2664 17 -0.1721638 -0.6978472 -0.5784407 0.3857139 0.014004 -0.157179 0.924755 200.0 100.0
1 2 2664 538 -0.2847302 0.2314512 -0.8578278 0.359848 0.250516 0.839161 0.007135 200.0 100.0
1 2 2665 16 -0.5698857 -0.2886003 0.1053749 0.7621261 -0.537383 0.670137 -0.557096 200.0 100.0
1 2 2665 539 -0.0943827 -0.126136 0.9096676 0.3843 -0.616573 0.203452 0.880447 200.0 100.0
2 1 3 2409 -0.1775942 0.0968546 -0.1341905 0.9700889 0.787137 0.323861 -0.645941 200.0 100.0
2 1 13 2379 0.1608191 -0.021319 -0.9085516 0.3849893 0.139233 -0.821152 -0.570044 200.0 100.0
2 1 17 2383 -0.608084 0.1530306 0.3671445 0.6870374 0.403144 -0.630484 -0.714869 200.0 100.0
2 1 18 2663 0.3522568 -0.3835278 -0.6985261 0.4907982 0.86753 0.226695 0.610223 200.0 100.0
2 1 21 2387 -0.2148407 -0.5914025 0.36072 0.6884531 -0.012746 0.176605 -1.012105 200.0 100.0
2 1 22 2388 0.4088931 0.4465202 -0.7896778 0.0991721 -0.160234 -0.078836 -1.003436 200.0 100.0
2 1 25 2656 0.008216 0.0648777 -0.2180546 0.9737431 -0.818195 0.224457 -0.62104 200.0 100.0
2 1 27 2654 0.2349948 -0.2092819 0.5255336 0.7904384 -0.66763 -0.586469 -0.476098 200.0 100.0
2 1 33 2359 0.3483757 -0.2614981 0.3136995 0.8437095 0.50135 0.584661 -0.647815 200.0 100.0
2 1 35 2361 -0.6933343 -0.1820357 -0.3800224 0.5845798 0.526018 -0.4946 -0.966546 200.0 100.0
2 1 43 2369 -0.171812 -0.5253825 -0.2466806 0.7959916 -0.245924 -0.357289 -0.861652 200.0 100.0
2 1 45 2371 0.1384315 0.8317876 0.4264341 0.3272921 -0.531662 -0.147232 -0.83223 200.0 100.0
2 1 51 2337 -0.6035129 -0.2308075 -0.3400127 0.6832945 0.484293 -0.450393 -1.003019 200.0 100.0
2 1 55 2341 -0.1959273 0.2462537 -0.6247966 0.7145634 0.141714 0.038725 -0.853357 200.0 100.0
2 1 59 2345 0.666129 0.1238599 -0.7346105 0.0357525 0.067362 -0.820523 -0.729736 200.0 100.0
2 1 63 2349 -0.2850654 -0.1112981 -0.5235968 0.7951081 0.452539 -0.984031 -0.141936 200.0 100.0
2 1 68 2314 -0.0885772 -0.289774 -0.0792365 0.9496877 -0.529019 -0.728829 -0.403873 200.0 100.0
2 1 79 2325 -0.6368532 0.0560686 0.0432825 0.7677245 -0.462305 -0.124037 -0.836492 200.0 100.0
2 1 89 2295 -0.05687 0.0067044 0.92481 0.3760948 0.66939 -0.727337 -0.56483 200.0 100.0
2 1 90 2296 -0.5934055 0.0378879 -0.7916867 0.1402377 -0.402196 0.731241 -0.738868 200.0 100.0
2 1 93 2299 -0.8194966 -0.179176 0.5282518 0.1314201 0.788975 0.123014 -0.505978 200.0 100.0
2 1 98 2304 -0.4713314 -0.8629381 -0.0671476 0.1693391 -0.343595 -1.116295 0.078002 200.0 100.0
2 1 103 2309 -0.0185168 -0.0539911 -0.6100949 0.7902698 0.611863 -0.901752 -0.158644 200.0 100.0
2 1 110 2276 -0.4404418 -0.0279836 0.4249448 0.7903479 0.519388 -1.078161 -0.211573 200.0 100.0
2 1 116 2282 0.1175121 0.1765527 0.9419073 0.2604432 0.043351 -0.61967 -0.738871 200.0 100.0
2 1 127 2293 -0.0125387 -0.6127972 -0.3667262 0.6998816 -0.308844 -0.883367 0.17653 200.0 100.0
2 1 133 2259 0.6040021 -0.2348644 0.1237027 0.7514771 0.773728 -0.021777 -0.646316 200.0 100.0
2 1 140 2266 0.2533827 0.0867777 0.3714561 0.888981 -0.03703 0.967636 -0.35588 200.0 100.0
2 1 141 2267 -0.3498368 0.5258047 -0.3480123 0.6928427 -0.870291 -0.480983 -0.201377 200.0 100.0
2 1 145 2271 0.291467 0.2389056 -0.7689848 0.5163657 0.34278 0.838294 -0.127066 200.0 100.0
2 1 147 2273 -0.4405501 -0.5352154 -0.6217944 0.364461 0.036607 -0.741808 -0.403959 200.0 100.0
2 1 149 2235 0.0176862 0.3941635 -0.781018 0.4840798 -0.578382 -0.300639 -0.977275 200.0 100.0
2 1 151 2237 0.0141439 -0.9175058 0.2396933 0.3170649 0.564598 0.562508 -0.371251 200.0 100.0
2 1 172 2218 -0.3141468 -0.0492203 0.4182666 0.8508479 0.484779 -0.314425 -1.068443 200.0 100.0
2 1 179 2225 -0.130774 -0.0957243 0.3229006 0.9324539 0.014456 0.579058 -0.71235 200.0 100.0
2 1 184 2230 0.0586768 0.0189882 -0.8614897 0.5040159 0.696538 0.330495 -0.441145 200.0 100.0
2 1 186 2232 -0.7738894 -0.1650051 0.5921093 0.1525615 0.487275 -0.682717 -0.101738 200.0 100.0
2 1 202 2208 0.7618055 -0.0484802 0.6062593 0.2230509 -0.652048 -0.485835 -0.456047 200.0 100.0
2 1 211 2177 0.5306254 0.3902668 0.6626072 0.3564831 -0.681448 0.502614 -0.28757 200.0 100.0
2 1 224 2190 0.1140641 0.1264222 -0.7681767 0.6171802 0.407241 -0.631095 -0.507486 200.0 100.0
2 1 227 2193 -0.7626092 -0.0363734 -0.6402909 0.0844491 -0.181896 -0.993225 -0.287695 200.0 100.0
2 1 228 2154 -0.0894909 -0.4282871 0.5806554 0.6865864 -0.467804 0.900508 -0.078543 200.0 100.0
2 1 241 2167 -0.6135235 0.5621771 0.3293742 0.4461596 -0.506125 -0.651495 -0.250657 200.0 100.0
2 1 263 2149 0.215713 -0.3794562 -0.79148 0.4278321 -0.547199 -0.173166 -0.812575 200.0 100.0
2 1 264 2150 -0.1520926 -0.8201429 -0.4707533 0.2874452 -0.74934 -0.621525 -0.239395 200.0 100.0
2 1 529 2655 -0.4274929 -0.5077047 -0.5957359 0.4523101 -0.269568 0.230232 -0.787816 200.0 100.0
2 1 534 2660 0.2779516 0.9275065 0.2157551 0.1261917 -0.096933 -0.803478 -0.156465 200.0 100.0
2 1 553 2639 0.2048403 -0.4077973 -0.6941027 0.5567435 0.687261 -0.658935 -0.196373 200.0 100.0
2 1 557 2643 -0.231241 -0.6460124 -0.6213306 0.3783436 0.365265 -0.731504 -0.596508 200.0 100.0
2 1 558 2644 0.0083181 -0.8601735 0.3097141 0.4051043 0.283674 0.264687 -0.654463 200.0 100.0
2 1 559 2645 -0.0868255 -0.5771275 -0.1249816 0.8023496 0.646733 0.350675 -0.484798 200.0 100.0
2 1 560 2646 0.4105659 0.2954547 0.7054262 0.4965039 -0.892049 0.512974 0.015995 200.0 100.0
2 1 566 2652 -0.5537772 0.4619274 0.6639063 0.1979453 -0.029388 -0.665004 -0.615475 200.0 100.0
2 1 576 2622 0.022885 -0.628707 -0.2233794 0.7445169 0.296704 -0.438757 -0.641173 200.0 100.0
2 1 584 2630 0.1591318 -0.2120934 -0.7280058 0.6322191 0.557571 -0.632183 -0.461532 200.0 100.0
2 1 585 2631 0.6442699 -0.3455368 0.6477419 0.2143619 -0.893496 0.698492 -0.079951 200.0 100.0
2 1 599 2605 -0.2008546 -0.1068821 0.4293952 0.873987 0.84407 -0.485173 -0.086839 200.0 100.0
2 1 602 2608 -0.6022947 -0.0796289 -0.5615381 0.5617609 0.031329 -0.094383 -1.092167 200.0 100.0
2 1 603 2609 0.1539368 -0.1625394 -0.9419059 0.250395 0.268497 -0.443198 -0.990886 200.0 100.0
2 1 604 2610 -0.0372845 -0.3837844 -0.465561 0.7966005 0.069011 -0.886455 -0.188184 200.0 100.0
2 1 606 2612 -0.4246901 0.0826016 -0.8902676 0.1422635 0.146745 0.560133 -0.788682 200.0 100.0
2 1 611 2577 0.5007291 -0.4566643 0.360579 0.6408673 0.305905 0.305309 -0.790541 200.0 100.0
2 1 615 2581 -0.0801576 0.5609425 -0.7093363 0.4192377 0.724827 0.097668 -0.85846 200.0 100.0
2 1 618 2584 0.2231248 -0.8255679 -0.1164395 0.5050692 1.166975 -0.104815 -0.646796 200.0 100.0
2 1 621 2587 -0.6110282 -0.2131303 -0.7592217 0.0692992 -0.517752 -0.996244 -0.062744 200.0 100.0
2 1 622 2588 0.2639439 0.3604725 0.8217707 0.3536752 0.606604 -0.423437 -0.761518 200.0 100.0
2 1 630 2556 -0.2482311 0.18844 0.3548506 0.8814492 -0.386079 -0.610833 -0.881476 200.0 100.0
2 1 634 2560 0.0268954 -0.1595224 0.8694675 0.46675 0.616061 0.053014 -0.7509 200.0 100.0
2 1 635 2561 0.307949 -0.0925413 -0.8799703 0.349651 0.402517 0.162356 -0.687769 200.0 100.0
2 1 636 2562 -0.0211316 0.5413078 0.5176693 0.6622369 0.532776 -0.391459 -1.034179 200.0 100.0
2 1 638 2564 0.0356586 -0.2270976 -0.2243475 0.9470076 -0.086717 -0.497638 -0.8997 200.0 100.0
2 1 640 2566 0.4263873 -0.494164 -0.2699875 0.7078859 -0.180952 0.993107 -0.068383 200.0 100.0
2 1 642 2568 0.6255814 0.2093586 0.7473912 0.0788877 -0.665104 -0.483024 -0.490096 200.0 100.0
2 1 644 2570 -0.4025483 -0.0852184 0.175152 0.8944353 -0.636596 -0.670502 -0.534378 200.0 100.0
2 1 655 2541 -0.0813096 -0.7682381 -0.1640825 0.6134133 0.69502 -0.805437 -0.403827 200.0 100.0
2 1 658 2544 -0.6414767 0.5084867 0.564878 0.1042194 0.170343 -1.065226 -0.12514 200.0 100.0
2 1 661 2547 0.5213234 0.6500599 0.5386814 0.1243641 -0.835127 0.621939 -0.360106 200.0 100.0
2 1 662 2548 -0.1877046 -0.8617683 -0.196326 0.4284605 0.384242 -0.609588 -0.536765 200.0 100.0