0 1 1665 0 0.0096508 -0.3557324 -0.7017018 0.6172325 0.094775 -0.096495 -0.070441 200.0 100.0
0 1 1567 1 -0.381532 -0.1381398 0.5733147 0.7118013 0.304883 -0.107399 0.417755 200.0 100.0
0 1 1568 2 0.6656521 -0.2248257 0.672908 0.2314206 -0.534135 0.005087 0.155976 200.0 100.0
0 1 1569 3 -0.5220517 -0.1236214 -0.3878192 0.7495172 -0.631144 0.032078 0.068158 200.0 100.0
0 1 1570 4 0.0072487 -0.0514248 -0.8481213 0.5272507 -0.451873 -0.28664 0.289416 200.0 100.0
0 1 1571 5 0.8935943 0.1840848 -0.1464407 0.382305 -0.251414 -0.107206 0.747348 200.0 100.0
0 1 1572 6 -0.1171019 0.1693544 0.9565893 0.20626 -0.034491 0.630101 -0.060479 200.0 100.0
0 1 1573 7 0.3696155 -0.7257805 -0.4057909 0.4146815 0.628487 0.07724 0.227571 200.0 100.0
0 1 1574 8 0.151428 -0.1937974 -0.9687251 0.0329206 -0.062896 -0.743601 -0.350636 200.0 100.0
0 1 1575 9 -0.1169918 0.320721 0.7708314 0.5378382 0.567238 0.516857 0.086085 200.0 100.0
0 1 1577 11 -0.8449856 0.1770367 -0.4901566 0.1200162 0.13531 0.297688 -0.656054 200.0 100.0
0 1 1578 12 0.222003 -0.0059494 0.5492396 0.8056148 -0.033559 -0.32813 -0.28114 200.0 100.0
0 1 1579 13 0.3008557 0.2738632 0.8203756 0.4018317 0.23332 -0.68894 -0.064674 200.0 100.0
0 1 1580 14 0.5740076 0.0248738 -0.5529387 0.6034529 0.61894 0.231824 0.372855 200.0 100.0
0 1 1581 15 -0.6969434 -0.0112967 0.0936461 0.7108957 -0.316172 -0.212977 -0.563953 200.0 100.0
0 1 1582 16 0.0453277 0.8319574 0.3671129 0.4135461 0.019366 -0.084363 -0.736004 200.0 100.0
0 1 1583 17 0.1143763 -0.7856046 -0.1838246 0.5796137 0.019805 -0.872433 0.235861 200.0 100.0
0 1 1584 18 -0.0341026 0.6611147 0.6081436 0.4380931 -0.677824 0.294486 0.243124 200.0 100.0
0 1 1585 19 0.1953855 -0.0749756 0.9755119 0.0676739 0.549003 -0.327251 0.389425 200.0 100.0
0 1 1586 20 0.2927478 0.8788109 -0.235845 0.2938832 0.6803 0.020946 0.061856 200.0 100.0
0 1 1587 21 -0.5170802 0.0314515 -0.2789587 0.8085919 -0.352708 0.636957 -0.091845 200.0 100.0
0 1 1589 23 -0.400771 0.5341209 0.3041775 0.679392 -0.427961 -0.378794 -0.183603 200.0 100.0
0 1 1591 25 -0.0786717 0.0753589 0.9863874 0.1231736 -0.545276 -0.496859 0.106843 200.0 100.0
0 1 1593 27 0.7937435 -0.186008 0.5317476 0.2293834 -0.095743 0.185642 0.523517 200.0 100.0
0 1 1594 28 0.2331622 -0.1251585 0.5370493 0.8009674 0.625089 0.388288 -0.007855 200.0 100.0
0 1 1595 29 -0.1020999 0.2134103 0.9369194 0.2573201 0.136922 0.066043 -0.941479 200.0 100.0
0 1 1596 30 -0.5754701 0.5436012 -0.4617585 0.4001387 -0.569384 -0.16885 0.325046 200.0 100.0
0 1 1597 31 -0.1402323 -0.6913864 0.0908454 0.7028989 -0.485919 -0.347502 -0.596262 200.0 100.0
0 1 1598 32 0.1809749 -0.5770891 0.3076751 0.7345422 0.613635 -0.059669 0.429088 200.0 100.0
0 1 1599 33 0.1904843 0.1140684 -0.9415993 0.2531695 0.752459 0.004413 0.531171 200.0 100.0
0 1 1600 34 -0.6275271 0.4646082 -0.2745491 0.5612235 -0.69737 0.181794 0.219562 200.0 100.0
0 1 1601 35 -0.0359753 -0.1828165 0.9062049 0.3795742 -0.641421 -0.079002 0.651064 200.0 100.0
0 1 1602 36 0.141355 0.2747668 -0.9509384 0.0154311 0.421574 -0.467835 -0.277548 200.0 100.0
0 1 1603 37 -0.6633792 0.0099258 0.0133612 0.7480982 -0.079636 -0.69844 -0.180401 200.0 100.0
0 1 1604 38 -0.1321254 0.7219326 -0.5781833 0.3564552 -0.709664 0.052484 -0.345443 200.0 100.0
0 1 1605 39 -0.6097058 0.0535019 0.7550534 0.2351399 -0.489775 -0.341628 0.041516 200.0 100.0
0 1 1606 40 -0.0191127 -0.0542397 -0.0647661 0.996242 -0.237691 0.578471 0.194998 200.0 100.0
0 1 1607 41 -0.1787724 -0.3127358 -0.9157763 0.1777374 0.597381 -0.552076 0.030526 200.0 100.0
0 1 1608 42 -0.2240876 -0.3028563 -0.5641783 0.7346874 -0.357531 -0.594514 -0.199161 200.0 100.0
0 1 1610 44 0.4211056 0.1880961 -0.2796998 0.8420558 -0.249877 0.679698 0.333868 200.0 100.0
0 1 1611 45 0.0007884 -0.8111632 -0.5449845 0.2121453 -0.475951 -0.038717 0.687037 200.0 100.0
0 1 1612 46 -0.6886834 -0.1720903 -0.4955132 0.5005664 -0.484709 0.659141 -0.421354 200.0 100.0
0 1 1614 48 -0.587314 -0.2429133 0.6996445 0.3264246 -0.122995 0.495333 -0.275051 200.0 100.0
0 1 1615 49 0.603493 -0.1603637 -0.1505446 0.7664307 -0.383926 0.203642 -0.237887 200.0 100.0
0 1 1616 50 -0.1977334 0.2517125 0.636578 0.7016487 0.401021 0.18545 -0.589703 200.0 100.0
0 1 1618 52 0.7299444 -0.5814144 -0.3417742 0.1110353 0.247007 0.472013 0.164836 200.0 100.0
0 1 1619 53 -0.0129268 0.410324 -0.5569293 0.7220089 0.195105 -0.363825 -0.610857 200.0 100.0
0 1 1620 54 0.1250608 -0.3044963 -0.3255653 0.8863684 -0.074389 0.764567 0.029458 200.0 100.0
0 1 1621 55 0.2625159 -0.5962816 0.7073666 0.2741643 -0.554588 -0.184149 0.155145 200.0 100.0
0 1 1622 56 -0.014184 -0.131281 0.9230063 0.3614187 0.376631 -0.036446 -0.345034 200.0 100.0
0 1 1623 57 -0.604383 0.4028639 0.2581027 0.6370281 0.405556 0.093133 -0.245919 200.0 100.0
0 1 1625 59 -0.3374163 0.2155909 -0.8136061 0.4215637 0.566812 0.428056 -0.073016 200.0 100.0
0 1 1626 60 0.144423 -0.1480993 0.4380691 0.8748166 0.10621 0.073191 0.569569 200.0 100.0
0 1 1627 61 -0.5695045 -0.1930077 -0.5104215 0.6147215 -0.21944 -0.574962 0.320224 200.0 100.0
0 1 1628 62 -0.1782843 -0.5311426 0.1723924 0.8101747 -0.431057 0.126901 -0.230815 200.0 100.0
0 1 1629 63 -0.560439 0.7642376 -0.2793661 0.1542841 0.407894 0.291282 -0.375131 200.0 100.0
0 1 1630 64 0.1651072 -0.769334 0.4878268 0.3780078 -0.324962 -0.457723 0.353281 200.0 100.0
0 1 1632 66 -0.3744462 0.632427 0.4871954 0.4716638 0.045872 0.560013 -0.030511 200.0 100.0
0 1 1633 67 0.3284833 0.3398792 0.8442385 0.2526703 -0.542192 -0.070632 0.04381 200.0 100.0
0 1 1634 68 0.0288104 0.5145311 -0.3099099 0.7989891 0.498046 0.195913 -0.2671 200.0 100.0
0 1 1635 69 0.7287481 -0.2525636 0.2641793 0.5790917 0.231719 -0.116846 0.474092 200.0 100.0
0 1 1636 70 0.6320518 -0.5999838 -0.4276945 0.2400152 -0.248212 -0.469277 0.226506 200.0 100.0
0 1 1637 71 0.5333522 0.3941908 0.5349976 0.5233799 -0.586478 -0.042321 0.614239 200.0 100.0
0 1 1638 72 0.2120305 0.6482474 0.5893944 0.4329349 -0.339541 0.335144 0.166624 200.0 100.0
0 1 1639 73 0.3071291 -0.064659 0.3719396 0.8735856 0.417503 0.506329 0.196511 200.0 100.0
0 1 1640 74 0.4824526 0.0513895 0.6414539 0.5942521 0.029594 -0.084091 -0.524293 200.0 100.0
0 1 1641 75 0.2817322 0.1052272 -0.6633071 0.6852576 -0.021262 -0.164905 0.09375 200.0 100.0
0 1 1642 76 -0.1732305 -0.6796492 0.0666667 0.7096645 -0.137209 -0.186967 0.195231 200.0 100.0
0 1 1643 77 0.6146325 -0.5438328 0.2777954 0.4993021 -0.306758 -0.182171 0.295292 200.0 100.0
0 1 1644 78 -0.4657438 -0.3254131 -0.0946096 0.8174583 -0.421602 -0.088044 -0.174898 200.0 100.0
0 1 1646 80 -0.3443139 0.4311208 -0.6807699 0.4818041 0.465905 0.143345 0.225654 200.0 100.0
0 1 1647 81 0.0870038 -0.1334585 -0.9800956 0.1184556 0.205291 -0.457888 0.305058 200.0 100.0
0 1 1649 83 0.2915421 -0.5614746 0.0522257 0.772672 -0.244906 -0.309479 0.142385 200.0 100.0
0 1 1650 84 0.4360546 -0.2372654 -0.8590367 0.12497 0.198724 -0.233733 0.335916 200.0 100.0
0 1 1651 85 -0.0510943 -0.0031094 0.7417825 0.6686841 -0.340577 0.310022 0.168434 200.0 100.0
0 1 1652 86 -0.7552405 0.0150499 0.237842 0.610587 -0.178784 0.420927 -0.020295 200.0 100.0
0 1 1653 87 0.2824606 0.050637 -0.7569922 0.587039 0.439702 0.274195 0.139468 200.0 100.0
0 1 1654 88 0.6762204 0.3692354 -0.6163361 0.1628526 0.546642 0.026063 0.065807 200.0 100.0
0 1 1655 89 0.5978224 -0.2876122 0.4098443 0.6260314 -0.114435 0.704759 0.194435 200.0 100.0
0 1 1656 90 -0.512936 -0.436401 0.7386673 0.0286611 -0.134725 -0.488551 0.167212 200.0 100.0
0 1 1657 91 -0.9134945 0.3482523 -0.0322236 0.2078696 -0.426937 -0.106105 0.328472 200.0 100.0
0 1 1658 92 0.208058 0.0577553 -0.7575802 0.6159939 0.055826 -0.299786 -0.305425 200.0 100.0
0 1 1659 93 -0.4955721 -0.7255772 -0.285478 0.3826856 -0.403552 0.182548 0.257807 200.0 100.0
0 1 1660 94 -0.3562225 0.3411715 -0.3778687 0.7835322 0.147062 -0.329986 -0.35652 200.0 100.0
0 1 1661 95 -0.2566673 0.0491525 -0.0880633 0.9612236 0.088482 0.442367 -0.199101 200.0 100.0
0 1 1663 97 -0.0115269 -0.0923395 0.7588938 0.6445314 -0.23412 0.702513 0.159254 200.0 100.0
0 1 1664 98 -0.6904048 -0.0914015 -0.1878162 0.6926125 0.548101 -0.262511 -0.187358 200.0 100.0
0 1 1665 99 -0.2495878 0.8379167 0.4052069 0.2672243 0.418909 0.101393 0.320506 200.0 100.0
1 2 1665 0 -0.4553433 -0.5337211 -0.6183352 0.3542116 -0.013136 -0.003016 0.063157 200.0 100.0
1 2 1566 0 0.0220146 -0.0169258 -0.7664769 0.6416713 0.461024 -0.516133 -0.219807 200.0 100.0
1 2 1567 1 0.5794225 -0.2189985 -0.7516244 0.2266497 0.518214 -0.042664 -0.29432 200.0 100.0
1 2 1568 2 -0.6304865 0.0900303 -0.7690703 0.053965 -0.459428 -0.36903 -0.378118 200.0 100.0
1 2 1569 3 0.0988399 -0.4371589 0.6454121 0.6185192 -0.313539 0.336801 -0.004712 200.0 100.0
1 2 1570 4 -0.634964 -0.1586463 0.3589886 0.6654166 -0.412233 -0.340834 0.248447 200.0 100.0
1 2 1571 5 -0.0703535 0.3250798 -0.287939 0.8980338 -0.565273 0.136423 0.256114 200.0 100.0
1 2 1572 6 -0.5014686 -0.2784688 0.7119707 0.4050704 0.1632 0.252554 0.384287 200.0 100.0
1 2 1573 7 -0.6742636 -0.505675 -0.5318706 0.0823107 -0.574596 -0.009838 0.242775 200.0 100.0
1 2 1574 8 -0.2006934 -0.6015769 0.6654751 0.3936627 -0.117105 -0.558488 -0.057482 200.0 100.0
1 2 1576 10 0.3629066 0.5658117 0.1557346 0.7238112 0.107288 -0.385258 -0.350425 200.0 100.0
1 2 1577 11 0.1245717 -0.3703154 -0.1857629 0.9015767 -0.045379 -0.092243 0.568281 200.0 100.0
1 2 1578 12 -0.0281042 -0.0656991 -0.9125136 0.4027563 0.539434 0.339792 -0.254993 200.0 100.0
1 2 1579 13 0.087829 -0.5815927 0.5440591 0.5983608 -0.270053 0.522687 0.02658 200.0 100.0
1 2 1580 14 -0.1116744 0.3429099 -0.2350548 0.9026023 0.167851 0.513598 -0.022574 200.0 100.0
1 2 1581 15 -0.1251674 0.2645497 0.6145877 0.7325494 0.440948 0.094114 -0.219206 200.0 100.0
1 2 1582 16 0.0943997 0.0148043 -0.6375108 0.764493 0.100795 -0.500228 0.145422 200.0 100.0
1 2 1584 18 -0.2798591 0.6106999 -0.3217666 0.6672262 0.385571 0.457905 -0.266507 200.0 100.0
1 2 1585 19 0.2658971 0.3950751 0.2309929 0.8484437 -0.107947 0.110722 0.425948 200.0 100.0
1 2 1586 20 0.5308663 0.5767943 0.5588054 0.2706027 0.490633 0.22554 -0.199965 200.0 100.0
1 2 1588 22 -0.6457227 0.0574365 0.3332893 0.6845885 0.360682 0.355929 0.019513 200.0 100.0
1 2 1589 23 -0.0106802 0.8144506 -0.4158544 0.4045013 -0.222834 -0.392724 -0.084089 200.0 100.0
1 2 1591 25 0.3745432 0.136132 -0.0609427 0.9151347 -0.241995 -0.317214 0.270308 200.0 100.0
1 2 1594 28 0.0134759 -0.9588592 -0.24572 0.1415242 0.538121 0.23431 -0.050431 200.0 100.0
1 2 1595 29 -0.7859754 -0.1208565 -0.595014 0.1165964 0.216245 0.434371 -0.026416 200.0 100.0
1 2 1596 30 0.1351782 -0.1604912 0.5254871 0.8245197 -0.250139 -0.386331 0.036488 200.0 100.0
1 2 1597 31 0.0817109 -0.014912 0.8890513 0.4502097 0.401663 -0.401816 0.296081 200.0 100.0
1 2 1598 32 0.2202486 0.2011076 0.4772752 0.8265922 -0.405393 -0.297748 0.458801 200.0 100.0
1 2 1599 33 -0.3348558 0.5881927 -0.5490343 0.4903696 -0.523291 -0.399986 -0.176896 200.0 100.0
1 2 1600 34 -0.4934642 0.2539683 -0.8207208 0.1356857 0.510854 -0.254105 0.055664 200.0 100.0
1 2 1601 35 0.5256059 -0.592415 0.5558014 0.2527207 -0.180971 0.373058 0.428672 200.0 100.0
1 2 1602 36 0.3125931 -0.751456 0.5264641 0.2458352 -0.256962 0.463397 0.272062 200.0 100.0
1 2 1603 37 0.0750275 -0.3166542 0.8366248 0.4406359 0.571492 0.566288 -0.139753 200.0 100.0
1 2 1604 38 -0.1724811 0.0620344 0.8922487 0.4126673 -0.032568 0.657624 -0.299022 200.0 100.0
1 2 1605 39 0.075569 0.6916594 -0.3823051 0.608062 -0.490776 -0.015064 0.689512 200.0 100.0
1 2 1606 40 0.1019284 0.3367117 0.1006135 0.9306518 0.005571 0.352278 0.460578 200.0 100.0
1 2 1607 41 0.0379456 -0.0786958 -0.9961716 0.0030519 0.607142 0.138572 -0.019175 200.0 100.0
1 2 1610 44 -0.3340812 0.0240533 0.3534292 0.8734409 -0.422981 0.240373 -0.33727 200.0 100.0
1 2 1611 45 0.2387773 -0.4529538 -0.1339682 0.848452 0.353427 -0.410253 -0.693689 200.0 100.0
1 2 1612 46 0.0160794 0.930353 -0.0072553 0.3662404 -0.488834 -0.386219 0.15907 200.0 100.0
1 2 1613 47 0.0745796 -0.7462478 0.2791006 0.5997124 -0.00557 -0.307603 0.447274 200.0 100.0
1 2 1615 49 -0.4203274 0.6740733 -0.6073745 0.0068079 -0.502378 0.222907 0.534966 200.0 100.0
1 2 1619 53 -0.4236862 0.1626026 0.3898575 0.8012874 -0.132361 -0.296866 0.665373 200.0 100.0
1 2 1620 54 0.4450306 0.098703 -0.4087047 0.7906744 0.375171 -0.602239 -0.514352 200.0 100.0
1 2 1622 56 -0.6089791 0.2864161 -0.6813279 0.287928 -0.325738 -0.677867 -0.14122 200.0 100.0
1 2 1623 57 0.3642129 0.0989937 -0.9194334 0.110415 -0.750666 -0.241397 -0.140927 200.0 100.0
1 2 1624 58 -0.0692019 0.2662571 -0.0775271 0.9582838 -0.420952 0.76754 -0.069363 200.0 100.0
1 2 1625 59 -0.2566491 0.114926 -0.2022213 0.938099 -0.449807 0.362386 0.025227 200.0 100.0
1 2 1627 61 -0.0466204 -0.7659894 0.6155143 0.1795241 0.622155 -0.445538 -0.207133 200.0 100.0
1 2 1628 62 0.0238229 -0.9376427 -0.3126965 0.1499315 -0.495138 -0.546093 -0.176034 200.0 100.0
1 2 1630 64 0.1071133 0.4108302 -0.507465 0.7498164 -0.560204 0.103236 0.296164 200.0 100.0
1 2 1631 65 -0.0583826 -0.0441896 -0.0859657 0.9936039 0.394331 -0.425711 0.48331 200.0 100.0
1 2 1633 67 0.1621506 0.2063022 -0.9208555 0.288395 0.071601 0.231022 0.58732 200.0 100.0
1 2 1634 68 -0.1942499 -0.5844849 0.4199715 0.6665346 0.523553 -0.614156 0.016051 200.0 100.0
1 2 1636 70 -0.3735063 -0.567249 -0.696295 0.2321527 -0.458475 -0.340208 0.376894 200.0 100.0
1 2 1637 71 -0.556293 -0.0797516 -0.4477759 0.6954672 -0.247351 -0.248985 0.359996 200.0 100.0
1 2 1638 72 0.1179048 -0.5794884 -0.7799399 0.2049033 0.661783 -0.128375 0.387454 200.0 100.0
1 2 1641 75 0.5870914 -0.4556254 0.5839395 0.3267168 0.128508 0.829439 0.153877 200.0 100.0
1 2 1642 76 0.4868415 -0.6885524 -0.4465979 0.2990506 -0.559023 -0.274181 -0.422406 200.0 100.0
1 2 1643 77 0.1962108 -0.4640707 0.6694775 0.5458383 0.697846 0.046361 0.230272 200.0 100.0
1 2 1644 78 -0.2916528 0.5543229 0.4790475 0.614962 0.144632 -0.100717 0.573644 200.0 100.0
1 2 1645 79 0.0744103 -0.3386277 0.9282687 0.134579 0.235796 -0.554061 0.201012 200.0 100.0
1 2 1646 80 -0.137978 -0.5329661 0.3930766 0.7364781 -0.323676 0.146587 0.690565 200.0 100.0
1 2 1648 82 0.0331397 -0.7171417 0.6355072 0.2841483 -0.424294 0.556278 0.026831 200.0 100.0
1 2 1649 83 0.4236242 0.5085868 -0.6952586 0.280174 -0.083288 0.495579 -0.4541 200.0 100.0
1 2 1652 86 0.5515104 -0.3666772 0.2250345 0.7146633 -0.201037 0.600933 0.315158 200.0 100.0
1 2 1655 89 0.6481193 0.3670251 0.4448898 0.4972997 -0.613718 0.16936 0.144733 200.0 100.0
1 2 1656 90 0.0957481 0.360705 -0.9257556 0.0608348 0.397743 -0.531811 0.2178 200.0 100.0
1 2 1657 91 0.414281 -0.0657649 0.4186251 0.8054808 -0.519182 0.63823 0.18485 200.0 100.0
1 2 1658 92 0.3622058 0.5523335 -0.2659096 0.7021586 0.114723 -0.506247 0.416369 200.0 100.0
1 2 1659 93 -0.5249005 0.3472666 -0.0622976 0.7745995 0.609124 0.10163 0.031173 200.0 100.0
1 2 1660 94 0.6756415 0.4835326 -0.453957 0.3219129 0.375074 -0.493871 -0.37391 200.0 100.0
1 2 1661 95 -0.329626 0.1404521 -0.738495 0.5711786 -0.308749 -0.25953 0.44095 200.0 100.0
1 2 1662 96 -0.3800797 0.1921339 0.6822393 0.594284 -0.169187 0.563455 0.161244 200.0 100.0
1 2 1663 97 0.1184581 -0.6000344 0.1074605 0.7838231 0.532763 0.169631 0.230541 200.0 100.0