0 1 832 0 0.00846764 0.0523304 -0.00758225 0.998565 5.58756 0.210566 -0.307069 99.94928555595692 9.999999999999998
0 1 783 0 0.0383861 -0.00132924 -0.0148539 0.999152 0.0855575 -2.98796 -0.213588 99.96095656028781 9.999999999999998
0 1 784 1 0.0307681 -0.00523998 -0.0186569 0.999339 0.221665 -3.04702 -0.297344 99.96068438895567 9.999999999999998
0 1 785 2 0.0317123 -0.000880269 0.00544747 0.999482 0.0742049 -2.93847 -0.161161 99.98088842541561 9.999999999999998
0 1 786 3 0.0334028 -0.00172047 -0.000548385 0.99944 -0.151716 -3.13695 -0.203101 99.98147930033669 9.999999999999998
0 1 787 4 0.0412407 0.00149177 0.0176994 0.998991 -0.0894004 -2.88441 -0.136029 99.950975590099 9.999999999999998
0 1 788 5 0.0289567 -0.00708795 0.00750925 0.999527 0.0210524 -3.00989 -0.154816 99.9813629777868 9.999999999999998
0 1 789 6 0.0231378 -0.00734234 -0.0389208 0.998947 -0.0140701 -3.2293 0.139781 99.8891251651694 9.999999999999998
0 1 790 7 0.0369989 0.00905571 -0.00267269 0.999271 -0.0565142 -3.02495 -0.025964 99.97503596056625 9.999999999999998
0 1 791 8 0.0318319 0.0044379 0.00458071 0.999473 0.0164769 -3.13911 -0.106503 99.98147259889043 9.999999999999998
0 1 792 9 0.0320444 -0.00019668 -0.0251874 0.999169 0.0203868 -3.29879 -0.159645 99.94052457469603 9.999999999999998
0 1 793 10 0.0387509 0.00488159 0.016273 0.999104 0.0103455 -2.78627 -0.0255142 99.95686190587323 9.999999999999998
0 1 794 11 0.0284084 0.00151083 -0.00387678 0.999588 -0.0729561 -3.07995 -0.105971 99.98522584638157 9.999999999999998
0 1 795 12 0.0353633 0.000270339 -0.00986227 0.999326 0.0618721 -3.06492 0.0399359 99.97281774789433 9.999999999999998
0 1 796 13 0.0310833 -0.0018838 0.0401377 0.998709 -0.0485375 -2.99825 -0.180241 99.87583625649 9.999999999999998
0 1 797 14 0.0237917 -0.00394617 0.0628379 0.997732 -0.124664 -3.00604 -0.0641998 99.7260559520739 9.999999999999998
0 1 798 15 0.0385091 0.00277072 0.01424 0.999153 0.0205685 -2.96612 0.0694419 99.96143481044855 9.999999999999998
0 1 799 16 0.029998 -0.00257637 -0.00625508 0.999527 0.0676333 -3.01993 -0.238978 99.98222583683966 9.999999999999998
0 1 800 17 0.0326217 0.00426101 -0.0254399 0.999135 0.0754936 -3.06356 -0.116271 99.93848649888962 9.999999999999998
0 1 801 18 0.0321692 -0.00189453 0.00638387 0.99946 0.052372 -3.12787 -0.0102487 99.97966506441989 9.999999999999998
0 1 802 19 0.0340569 0.0062178 -0.00651356 0.999379 0.0471629 -3.07179 0.25904 99.97678808355646 9.999999999999998
0 1 803 20 0.0335226 0.00571624 0.00919529 0.999379 -0.0385874 -3.096 -0.1376 99.97485646505326 9.999999999999998
0 1 804 21 0.0327473 -0.00599666 -0.00760938 0.999417 -0.0372246 -3.02773 -0.294749 99.9775410157536 9.999999999999998
0 1 805 22 0.0328846 -0.0022123 -0.027122 0.999089 0.152984 -3.14281 0.0157709 99.93314100591324 9.999999999999998
0 1 806 23 0.0250731 -0.00135622 -0.0203501 0.999478 -0.0951268 -3.23544 -0.042613 99.96199551371801 9.999999999999998
0 1 807 24 0.0212932 0.0042697 0.0200005 0.999564 0.0551192 -3.09255 -0.114165 99.96572530107785 9.999999999999998
0 1 808 25 0.0331635 0.00535477 0.0102553 0.999383 0.00516526 -3.17746 -0.10912 99.97401462007964 9.999999999999998
0 1 809 26 0.0234536 -0.00271402 0.0269556 0.999358 -0.0471174 -3.05994 -0.0632384 99.94213985556934 9.999999999999998
0 1 810 27 0.023437 0.0105072 0.00308688 0.999665 0.0273089 -3.13088 -0.0920744 99.9882971602882 9.999999999999998
0 1 811 28 0.0338221 0.00122707 -0.0243538 0.99913 0.251966 -3.12255 -0.0955193 99.94141335055423 9.999999999999998
0 1 812 29 0.0338218 0.00546911 0.0300741 0.99896 0.0608597 -3.08813 -0.138249 99.92049806546109 9.999999999999998
0 1 813 30 0.0312429 -0.00727471 0.0179074 0.999325 -0.109336 -3.20256 -0.0661604 99.96120796845018 9.999999999999998
0 1 814 31 0.0337159 0.00433669 0.0210451 0.9992 0.0767307 -2.82207 0.0408218 99.95164473899324 9.999999999999998
0 1 815 32 0.0302072 -0.000638287 0.0206967 0.999329 0.174826 -3.06884 -0.244626 99.95616839256297 9.999999999999998
0 1 816 33 0.0220158 0.00106531 -0.0119617 0.999685 -0.00499317 -2.98111 -0.153201 99.98215341586571 9.999999999999998
0 1 817 34 0.0325073 -0.00535781 0.0109822 0.999397 0.00560511 -3.01963 -0.252672 99.97346747498628 9.999999999999998
0 1 818 35 0.0322616 0.00163404 -0.0164612 0.999343 -0.297951 -3.0727 0.0959597 99.96424765997979 9.999999999999998
0 1 819 36 0.0271202 0.000120917 -0.0202081 0.999428 -0.0823634 -3.12234 -0.127509 99.96037274760234 9.999999999999998
0 1 820 37 0.0323363 0.00648082 0.0112963 0.999392 -0.0146496 -2.90021 -0.12713 99.97377791328246 9.999999999999998
0 1 821 38 0.0307433 -0.007973 0.00817631 0.999462 -0.102696 -3.03492 0.0019022 99.97875139948232 9.999999999999998
0 1 822 39 0.0331626 -0.00361252 -0.0342827 0.998855 -0.0623595 -3.14125 -0.152182 99.90342165323673 9.999999999999998
0 1 823 40 0.0269471 -0.00543587 -0.00390655 0.999614 0.206902 -2.83793 -0.265399 99.9862419523728 9.999999999999998
0 1 824 41 0.0354909 0.00380419 0.000486738 0.999363 0.00242097 -2.98718 0.0651186 99.97880302214294 9.999999999999998
0 1 825 42 0.0328414 -0.000589365 -0.0321247 0.998944 -0.140471 -3.19624 -0.290119 99.91323655568344 9.999999999999998
0 1 826 43 0.0272202 -0.0108234 -0.071068 0.997041 0.0134897 -2.98252 -0.123038 99.64930497982662 9.999999999999998
0 1 827 44 0.0322873 0.0104366 0.0101336 0.999373 -0.0057657 -2.98519 -0.0225819 99.97443076198678 9.999999999999998
0 1 828 45 0.0332473 -0.00595122 -0.0216117 0.999196 -0.00118392 -3.043 -0.0397329 99.95008774398 9.999999999999998
0 1 829 46 0.0244652 0.00476034 -0.00463195 0.999679 -0.0541385 -3.04666 -0.135317 99.98822062739133 9.999999999999998
0 1 830 47 0.0242851 0.00622108 0.0244321 0.999387 -0.0395402 -3.13943 -0.0582472 99.94984273913478 9.999999999999998
0 1 831 48 0.0326 -0.000118549 0.00180367 0.999467 -0.162072 -3.05012 -0.105102 99.98236629859298 9.999999999999998
0 1 832 49 0.0393243 9.01597e-06 0.0297996 0.998782 -0.0389838 -3.2889 -0.060577 99.91467972469702 9.999999999999998
1 2 832 0 0.00153472 0.0458735 -0.0253055 0.998626 5.60033 -0.117329 -0.276369 99.92203685838929 9.999999999999998
1 2 783 0 0.0290887 0.000413083 0.013576 0.999485 -0.00590666 -2.91518 -0.0742091 99.97325485133833 9.999999999999998
1 2 784 1 0.0370252 0.00925158 -0.00560803 0.999256 0.0460345 -3.09381 -0.0892004 99.97334065212252 9.999999999999998
1 2 785 2 0.0201903 0.00598473 -0.0331817 0.999227 -0.0160461 -3.08989 -0.20474 99.9186422228523 9.999999999999998
1 2 786 3 0.0331313 0.00289476 -0.0134758 0.999356 0.0475918 -3.05535 -0.120123 99.96954406357571 9.999999999999998
1 2 787 4 0.028776 -0.00938922 -0.00992676 0.999492 0.160021 -3.10133 -0.0992102 99.97829021566079 9.999999999999998
1 2 788 5 0.0266087 0.00685951 0.0138299 0.999527 -0.175509 -2.99319 0.148156 99.97464843860455 9.999999999999998
1 2 789 6 0.0332764 -0.00540972 -0.0152912 0.999315 0.0694192 -3.16129 -0.0963938 99.9655029192556 9.999999999999998
1 2 790 7 0.0311206 -0.00362823 -0.00583842 0.999492 -0.0428872 -2.81883 -0.291116 99.98164188902878 9.999999999999998
1 2 791 8 0.0281321 -0.00961271 0.011973 0.999486 -0.0375019 -3.02594 -0.0849859 99.97567853683869 9.999999999999998
1 2 792 9 0.0324027 -0.0045526 -0.0137182 0.99937 -0.0517798 -3.06874 -0.308725 99.969433502514 9.999999999999998
1 2 793 10 0.0350804 0.000780081 -0.0211225 0.999161 0.0643848 -3.18905 -0.188479 99.94952075526591 9.999999999999998
1 2 794 11 0.0304085 -0.00168359 -0.0168976 0.999393 -0.115431 -3.06355 -0.11944 99.96551631445804 9.999999999999998
1 2 795 12 0.0364759 -0.00367845 0.00710214 0.999303 -0.110637 -3.08698 -0.0296284 99.97431301689501 9.999999999999998
1 2 796 13 0.0213397 -0.000652959 -0.0353767 0.999146 0.15098 -2.99992 -0.0210215 99.90914241094791 9.999999999999998
1 2 797 14 0.0290626 -0.00883937 -0.0197861 0.999343 0.0590887 -2.98946 -0.289894 99.9587957275229 9.999999999999998
1 2 798 15 0.024812 -0.000298694 -0.00651325 0.999671 -0.0725235 -3.25599 -0.0819169 99.986587982875 9.999999999999998
1 2 799 16 0.0267608 0.00564849 -0.00805941 0.999593 0.107594 -3.05843 -0.183283 99.98299558615862 9.999999999999998
1 2 800 17 0.0331849 0.00453503 -0.00887973 0.999399 0.0412327 -2.97898 -0.191612 99.97624702574153 9.999999999999998
1 2 801 18 0.0330208 -0.00691681 -0.0177359 0.999273 -0.118428 -3.04648 8.63391e-05 99.95992908736864 9.999999999999998
1 2 802 19 0.0392719 -0.00678216 0.0118598 0.999135 -0.0262526 -2.97872 -0.0666303 99.96409263526321 9.999999999999998
1 2 803 20 0.0311763 -0.0047494 0.00384815 0.999495 0.00612217 -3.09045 -0.0383116 99.98268646820948 9.999999999999998
1 2 804 21 0.0370668 -0.00780278 -0.00673358 0.99926 0.061165 -2.83709 -0.02318 99.97320624674988 9.999999999999998
1 2 805 22 0.0281816 0.00367543 0.0100782 0.999545 -0.202789 -3.12508 -0.061688 99.9795784563173 9.999999999999998
1 2 806 23 0.0343432 0.00192517 -0.0300338 0.998957 0.102684 -3.05348 -0.159201 99.9195151662848 9.999999999999998
1 2 807 24 0.0248283 0.000245357 0.0392448 0.998921 -0.123522 -3.07836 -0.0645511 99.88662582536162 9.999999999999998
1 2 808 25 0.0239 -0.00326271 -9.2252e-05 0.999709 -0.214862 -3.04197 0.0174581 99.99040346545557 9.999999999999998
1 2 809 26 0.0395086 0.000278057 0.00319269 0.999214 -0.0999051 -3.14174 -0.0649029 99.97311025839522 9.999999999999998
1 2 810 27 0.0260728 -2.889e-05 -0.00714401 0.999635 -0.0270549 -3.09517 0.0979253 99.98534559436159 9.999999999999998
1 2 811 28 0.0263647 0.00319795 0.00458775 0.999637 0.251858 -3.13504 -0.0540823 99.98680231919357 9.999999999999998
1 2 812 29 0.0320829 0.00815367 -0.0166005 0.999314 0.0632309 -3.10388 -0.143395 99.96297523413634 9.999999999999998
1 2 813 30 0.0312995 0.00281436 0.0267578 0.999148 -0.0132941 -3.06547 0.155902 99.9361415693957 9.999999999999998
1 2 814 31 0.0278687 -0.000247287 0.0291683 0.999186 0.15223 -3.0546 0.0286233 99.93038829316633 9.999999999999998
1 2 815 32 0.0341365 -0.00895309 0.00348134 0.999371 -0.00535924 -2.83381 -0.140466 99.97857566741044 9.999999999999998
1 2 816 33 0.0287299 -0.00108713 0.0320656 0.999072 0.118396 -3.08906 0.0453904 99.91780805933008 9.999999999999998
1 2 817 34 0.0242667 -0.0081176 -0.0213475 0.999445 -0.00102611 -3.14787 -0.167715 99.9587343305719 9.999999999999998
1 2 818 35 0.0342959 0.00183829 -0.00506589 0.999397 -0.0433758 -2.96061 0.0751878 99.97855308940387 9.999999999999998
1 2 819 36 0.0221879 -0.0054571 0.0319866 0.999227 0.11179 -3.12457 -0.364802 99.92263089495924 9.999999999999998
1 2 820 37 0.0265537 -0.0105586 0.0038166 0.999584 -0.154935 -3.04908 -0.0287741 99.98515857488046 9.999999999999998
1 2 821 38 0.0354004 0.0101235 0.0321198 0.998806 0.135974 -3.11749 -0.234774 99.90946336125123 9.999999999999998
1 2 822 39 0.0280448 0.00767569 0.0171216 0.999431 0.0437273 -3.16784 -0.196305 99.96685758384005 9.999999999999998
1 2 823 40 0.031366 0.00140607 -0.0103556 0.999453 0.0506714 -3.08938 -0.0608264 99.97608425160418 9.999999999999998
1 2 824 41 0.0272307 -0.00108919 -0.000248692 0.999629 0.0812404 -3.04582 -0.0344527 99.98743317624664 9.999999999999998
1 2 825 42 0.03455 -0.00399525 -0.0112053 0.999332 0.0544718 -3.13966 -0.0445559 99.97154877128435 9.999999999999998
1 2 826 43 0.0271854 -0.00571167 -0.0228364 0.999353 -0.0549216 -3.11848 0.0220124 99.95230337671687 9.999999999999998
1 2 827 44 0.0388502 0.0043248 -0.00800929 0.999204 0.00410954 -2.88244 -0.139973 99.9700501819655 9.999999999999998
1 2 828 45 0.0310287 0.00391177 -0.00899637 0.99947 -0.208269 -2.79218 -0.0660456 99.97836367197233 9.999999999999998
1 2 829 46 0.0373493 0.00421042 0.0361892 0.998638 -0.0558018 -3.05597 -0.129454 99.88952575918181 9.999999999999998
1 2 830 47 0.0243545 0.00472955 0.0114975 0.999626 0.0266015 -2.95221 -0.206465 99.98111870956302 9.999999999999998
1 2 831 48 0.0384077 -0.00229089 -0.0257557 0.998928 -0.0221156 -2.94292 -0.0317615 99.93115314850291 9.999999999999998
1 2 832 49 0.0358334 -0.00519502 0.0494631 0.998119 0.0581985 -3.07787 -0.0319369 99.81397988549334 9.999999999999998
0 1 595 156 0.5597627657834223 -0.7552680310085804 -0.3408765939510377 -0.00624460369079336 9.265794680592286 -6.86246734947477 -8.106708636363402 1000 100
0 1 665 566 0.5790707290752087 0.3376352142143511 0.37439772064177224 0.6407073431988906 -1.9397074880111589 6.505502888334924 8.186495895336282 800 80
0 1 108 547 -0.26566893156507837 -0.5871684255159424 0.5558142504977127 -0.5250940656890581 9.709295997520783 6.572546406078882 -9.70209918595295 400 40
0 1 669 134 0.8089669305147691 -0.28637761119244415 0.4382555198229819 -0.26738075563867697 1.6537525446088015 -5.014179156771881 -1.505196241074822 300 30
0 1 293 462 -0.30571360599681807 -0.8198730167134369 -0.2256988222753443 0.42826098257622414 -3.229386521547987 -3.2474170859006146 -0.5978848567324038 1000 100
0 1 283 397 -0.7613920293796725 -0.1546362708830388 -0.21507976360332137 0.5917013576229404 -1.8782990034280909 -0.6952141383664765 1.6277124978842847 100 10
0 1 670 193 -0.46636867553034705 0.8318311524239553 0.1512807208493654 0.26013714813613315 -0.47660625956526914 -4.689268721514637 -0.20258965073044788 700 70
0 1 586 286 -0.5825295134020129 0.13045402282736002 0.7157644013387833 0.3623843756564374 4.013948554363408 -4.85337875544119 1.0842880275160862 600 60
1 2 683 300 0.07555123224786262 0.3022172110796209 -0.8221266343839735 0.47651292287782243 0.09379556941329881 -9.466169048672091 -7.794967376721075 1000 100
1 2 474 661 0.18072866724600453 0.17872748872902844 0.9611794454671404 0.10736716080617316 6.513438454082674 7.149443713302411 -3.9642173191273455 500 50
1 2 570 344 0.6149456123743654 -0.09706929547390872 0.5996722399182143 0.5028047835583783 5.728656849717485 0.3611301286918245 7.085931206415992 1000 100
1 2 232 575 -0.5638915094112453 0.33562859557067676 -0.7093476073340034 0.25730484530744324 -8.701914012815415 -9.357791916165572 -2.9208923525123414 1000 100
1 2 633 444 -0.8924510160440722 0.3656573024887256 0.2460845007377536 0.09627221611255521 4.657364276089634 5.604650901715871 -9.240779455816554 300 30
1 2 635 590 0.6006970735843649 -0.5364961080967431 -0.47707094298599206 0.35176450523423214 -4.3901285900492315 2.3985995166201555 3.0126027362763725 800 80
1 2 11 604 0.6474088962221483 0.19150504307607624 0.14080732930633735 0.7241276376319761 0.012137261299123736 2.8981073996477456 -2.0454642542182535 700 70
1 2 636 487 0.46425647422490157 0.6349002237355689 -0.3374015063690726 -0.5172309499060053 -1.9759415093457444 -0.4943202639083841 -3.888052951913412 600 60